image_id,image_path,source,subcategory,all_subcategories,original_project_split,image_truth,label,confidence,mapping_rule,ai_family,domain,subsource,group_id,split,balance_role,width,height,format,mode,file_size,sha256,n_caption_rows,original_scenarios,original_image_fake
img_00f6e77cf2a054654029511225db0db804aea0dffc83b789034d5ebc86dc0e57,images/00f6e77cf2a054654029511225db0db804aea0dffc83b789034d5ebc86dc0e57.png,mmfakebench,fakeddit,fakeddit,train,REAL,0,medium-high,MMFB_GENUINE_REAL,,fakeddit,mmfb_fakeddit_real,g000076,test,core,320,240,PNG,RGBA,205309,00f6e77cf2a054654029511225db0db804aea0dffc83b789034d5ebc86dc0e57,1,4,0
img_01123926b9c1090ec0fee3100ffaa47af9e8b4829d4a87d6acdf77a66a80ee11,images/01123926b9c1090ec0fee3100ffaa47af9e8b4829d4a87d6acdf77a66a80ee11.png,mmfakebench,fakeddit,fakeddit,train,REAL,0,medium-high,MMFB_GENUINE_REAL,,fakeddit,mmfb_fakeddit_real,g000082,test,core,320,250,PNG,RGBA,168613,01123926b9c1090ec0fee3100ffaa47af9e8b4829d4a87d6acdf77a66a80ee11,1,4,0
img_0156fc8cb26e485b7b379af404928e49de0c67018deb08b45cc3e5154c0576b0,images/0156fc8cb26e485b7b379af404928e49de0c67018deb08b45cc3e5154c0576b0.png,mmfakebench,llm_rewrite,llm_rewrite,train,AI_GENERATED,1,high,MMFB_LLM_AI,llm_1024_mixed,news,llm_1024_mixed,g000093,test,core,1024,1024,PNG,RGB,1604629,0156fc8cb26e485b7b379af404928e49de0c67018deb08b45cc3e5154c0576b0,1,5,1
img_020ce756d19bc66a24df0d8c28e24d37b0c48fcbc618a1a4e81b9de78a0d3c60,images/020ce756d19bc66a24df0d8c28e24d37b0c48fcbc618a1a4e81b9de78a0d3c60.png,mmfakebench,coco_image_edit,coco_image_edit,train,AI_GENERATED,1,medium-high,MMFB_COCO_CF_AI,sd512_counterfactual,coco,sd512_counterfactual,g000147,test,core,512,512,PNG,RGBA,234302,020ce756d19bc66a24df0d8c28e24d37b0c48fcbc618a1a4e81b9de78a0d3c60,1,3,1
img_0285d6ec18661a41d9c18153708ffe4ddc91a008ae1cecd2caee35e31cb8affc,images/0285d6ec18661a41d9c18153708ffe4ddc91a008ae1cecd2caee35e31cb8affc.png,mmfakebench,coco,coco,train,REAL,0,high,MMFB_GENUINE_REAL,,coco,mmfb_coco_real,g000184,test,core,640,360,PNG,RGBA,395116,0285d6ec18661a41d9c18153708ffe4ddc91a008ae1cecd2caee35e31cb8affc,1,4,0
img_034ec48ff73e984a5ac634d50d5ed2632ea6d1ba824cc9b06b638a112be6dc9f,images/034ec48ff73e984a5ac634d50d5ed2632ea6d1ba824cc9b06b638a112be6dc9f.jpg,NewsCLIPpings,,,train,REAL,0,high,NC_PAIRED_REAL,,news,nc_jpeg,g000250,test,core,426,256,JPEG,RGB,61983,034ec48ff73e984a5ac634d50d5ed2632ea6d1ba824cc9b06b638a112be6dc9f,1,1,0
img_03a0a9d3b9632b122ceb79ecd7f7f7ba33c0b12ced6e3f85bb22129a29f781a8,images/03a0a9d3b9632b122ceb79ecd7f7f7ba33c0b12ced6e3f85bb22129a29f781a8.png,mmfakebench,coco_text_edit,coco_text_edit,train,AI_GENERATED,1,medium-high,MMFB_COCO_CF_AI,sd512_counterfactual,coco,sd512_counterfactual,g000269,test,core,512,512,PNG,RGBA,276174,03a0a9d3b9632b122ceb79ecd7f7f7ba33c0b12ced6e3f85bb22129a29f781a8,1,5,1
img_0444d6e05d70500c235723f862e54c00e8dd999e58def4beb6c262b064520726,images/0444d6e05d70500c235723f862e54c00e8dd999e58def4beb6c262b064520726.png,mmfakebench,coco,coco,train,REAL,0,high,MMFB_GENUINE_REAL,,coco,mmfb_coco_real,g000307,test,core,640,481,PNG,RGBA,447455,0444d6e05d70500c235723f862e54c00e8dd999e58def4beb6c262b064520726,1,4,0
img_057e0ff007e87028cb2957036cc22663e403a8cb30c3e44b833afbdfc7c7f5b4,images/057e0ff007e87028cb2957036cc22663e403a8cb30c3e44b833afbdfc7c7f5b4.png,mmfakebench,llm_rewrite,llm_rewrite,train,AI_GENERATED,1,high,MMFB_LLM_AI,llm_1024_mixed,news,llm_1024_mixed,g000398,test,core,1024,1024,PNG,RGBA,1641240,057e0ff007e87028cb2957036cc22663e403a8cb30c3e44b833afbdfc7c7f5b4,1,5,1
img_06a801d126d4cfdc31134cd0a22525a08117c69a153fdb6310ead59493ca90ab,images/06a801d126d4cfdc31134cd0a22525a08117c69a153fdb6310ead59493ca90ab.png,mmfakebench,coco_image_edit,coco_image_edit,train,AI_GENERATED,1,medium-high,MMFB_COCO_CF_AI,sd512_counterfactual,coco,sd512_counterfactual,g000469,test,core,512,512,PNG,RGBA,275171,06a801d126d4cfdc31134cd0a22525a08117c69a153fdb6310ead59493ca90ab,1,3,1
img_078678141886970e8a9cc0c348a30ad43c7f24dd216621c488992e28062bd00b,images/078678141886970e8a9cc0c348a30ad43c7f24dd216621c488992e28062bd00b.png,mmfakebench,llm_rewrite,llm_rewrite,train,AI_GENERATED,1,high,MMFB_LLM_AI,llm_1024_mixed,news,llm_1024_mixed,g000529,test,core,1024,1024,PNG,RGBA,2182430,078678141886970e8a9cc0c348a30ad43c7f24dd216621c488992e28062bd00b,1,5,1
img_07cb3db7c0d8736833be31763c14772af042037879a953fc29babf5f93feb49c,images/07cb3db7c0d8736833be31763c14772af042037879a953fc29babf5f93feb49c.png,mmfakebench,fakeddit,fakeddit,train,REAL,0,medium-high,MMFB_GENUINE_REAL,,fakeddit,mmfb_fakeddit_real,g000554,test,core,320,427,PNG,RGBA,196668,07cb3db7c0d8736833be31763c14772af042037879a953fc29babf5f93feb49c,1,4,0
img_07fa83b60abe9c90b08eef487259d711095f9e8787e0e6be274b2d3a7a4c4970,images/07fa83b60abe9c90b08eef487259d711095f9e8787e0e6be274b2d3a7a4c4970.png,mmfakebench,Fakeddit_photo_edit,Fakeddit_photo_edit,train,MANIPULATED,2,medium-high,MMFB_PHOTO_EDIT_MANIPULATED,,fakeddit,fakeddit_photo_edit,g000566,test,core,1920,1080,PNG,RGBA,3530703,07fa83b60abe9c90b08eef487259d711095f9e8787e0e6be274b2d3a7a4c4970,1,3,1
img_0855360c0d23d40b689580ba4248b42bf40019ff7b10b67d05ebb5379a036d12,images/0855360c0d23d40b689580ba4248b42bf40019ff7b10b67d05ebb5379a036d12.png,mmfakebench,coco_image_edit,coco_image_edit,train,AI_GENERATED,1,medium-high,MMFB_COCO_CF_AI,sd512_counterfactual,coco,sd512_counterfactual,g000586,test,core,512,512,PNG,RGBA,498223,0855360c0d23d40b689580ba4248b42bf40019ff7b10b67d05ebb5379a036d12,1,3,1
img_088dd2d48567dc626bae1bbdfedf20dd3a2bc37b0e3b509e2d080a72bdd2318c,images/088dd2d48567dc626bae1bbdfedf20dd3a2bc37b0e3b509e2d080a72bdd2318c.png,mmfakebench,Fakeddit_photo_edit,Fakeddit_photo_edit,train,MANIPULATED,2,medium-high,MMFB_PHOTO_EDIT_MANIPULATED,,fakeddit,fakeddit_photo_edit,g000606,test,core,320,217,PNG,RGBA,99483,088dd2d48567dc626bae1bbdfedf20dd3a2bc37b0e3b509e2d080a72bdd2318c,1,3,1
img_08a68ebe8695e867f52ac0ada737e4d342439c6d3b05e6d4c8f1674574048c35,images/08a68ebe8695e867f52ac0ada737e4d342439c6d3b05e6d4c8f1674574048c35.png,mmfakebench,fever_AI,fever_AI,train,AI_GENERATED,1,high,MMFB_FEVER_AI,dalle3_style_1024,news,dalle3_style_1024,g000614,test,core,1024,1024,PNG,RGBA,2225996,08a68ebe8695e867f52ac0ada737e4d342439c6d3b05e6d4c8f1674574048c35,1,5,1
img_08df8f3a2e7c5db65c25d94a93cbd405b64fd241841b9491b55aef814d2a86dc,images/08df8f3a2e7c5db65c25d94a93cbd405b64fd241841b9491b55aef814d2a86dc.png,mmfakebench,antifact_image_generation,antifact_image_generation,train,AI_GENERATED,1,high,MMFB_ANTIFACT_AI,midjourney_style_1024,news,midjourney_style_1024,g000635,test,core,1024,1024,PNG,RGB,1699731,08df8f3a2e7c5db65c25d94a93cbd405b64fd241841b9491b55aef814d2a86dc,1,3,1
img_08f791446a772289c06c73da4144c34b53398a0584e0397bf1f3f221d7a6708e,images/08f791446a772289c06c73da4144c34b53398a0584e0397bf1f3f221d7a6708e.png,mmfakebench,gossipcop_midjourney,gossipcop_midjourney,train,AI_GENERATED,1,high,MMFB_MIDJOURNEY_AI,midjourney_v6_named_1024,news,midjourney_v6_named_1024,g000643,test,core,1024,1024,PNG,RGBA,1942683,08f791446a772289c06c73da4144c34b53398a0584e0397bf1f3f221d7a6708e,1,5,1
img_097a63f08851263234cda020b2797698948ad8db2f0d04fd5f79d3378f27744a,images/097a63f08851263234cda020b2797698948ad8db2f0d04fd5f79d3378f27744a.jpg,NewsCLIPpings,,,train,REAL,0,high,NC_PAIRED_REAL,,news,nc_jpeg,g000678,test,core,426,256,JPEG,RGB,39015,097a63f08851263234cda020b2797698948ad8db2f0d04fd5f79d3378f27744a,1,1,0
img_0994a38817f11b0cd4c919d8ccc35d477388c46423c7a4b987a8cb0487b1bf6c,images/0994a38817f11b0cd4c919d8ccc35d477388c46423c7a4b987a8cb0487b1bf6c.png,mmfakebench,coco,coco,train,REAL,0,high,MMFB_GENUINE_REAL,,coco,mmfb_coco_real,g000686,test,core,640,480,PNG,RGBA,399775,0994a38817f11b0cd4c919d8ccc35d477388c46423c7a4b987a8cb0487b1bf6c,1,4,0
img_099b905e59191f662f58f1265797756e497f1eae253f7279bcba97de61a72b37,images/099b905e59191f662f58f1265797756e497f1eae253f7279bcba97de61a72b37.png,mmfakebench,Newsclipings_person,Newsclipings_person,train,REAL,0,high,MMFB_OOC_REAL,,news,mmfb_visualnews_png,g000688,test,core,385,256,PNG,RGBA,185065,099b905e59191f662f58f1265797756e497f1eae253f7279bcba97de61a72b37,1,1,0
img_09c8d1960119d81913e4e4c61b188dcb0979d9546bd69488926ad94550cbf2de,images/09c8d1960119d81913e4e4c61b188dcb0979d9546bd69488926ad94550cbf2de.png,mmfakebench,fever_AI,fever_AI,train,AI_GENERATED,1,high,MMFB_FEVER_AI,dalle3_style_1024,news,dalle3_style_1024,g000704,test,core,1024,1024,PNG,RGB,1386903,09c8d1960119d81913e4e4c61b188dcb0979d9546bd69488926ad94550cbf2de,1,5,1
img_0a1fecc6bd6f57315977932297cff78b07578379873e827051b788342e7449a4,images/0a1fecc6bd6f57315977932297cff78b07578379873e827051b788342e7449a4.png,mmfakebench,Newsclipings_scene,Newsclipings_scene,train,REAL,0,high,MMFB_OOC_REAL,,news,mmfb_visualnews_png,g000735,test,core,384,256,PNG,RGBA,55577,0a1fecc6bd6f57315977932297cff78b07578379873e827051b788342e7449a4,1,1,0
img_0a43cc1c3030f20983b3812af65c3a9cc375e26518a5b7d6120b3eadac6ed384,images/0a43cc1c3030f20983b3812af65c3a9cc375e26518a5b7d6120b3eadac6ed384.png,mmfakebench,coco_image_edit,coco_image_edit,train,AI_GENERATED,1,medium-high,MMFB_COCO_CF_AI,sd512_counterfactual,coco,sd512_counterfactual,g000742,test,core,512,512,PNG,RGBA,352561,0a43cc1c3030f20983b3812af65c3a9cc375e26518a5b7d6120b3eadac6ed384,1,3,1
img_0aa841dbeb08720c09a0fbf81fa4061f1be59d70db0ae97b9f678f5a865e2228,images/0aa841dbeb08720c09a0fbf81fa4061f1be59d70db0ae97b9f678f5a865e2228.png,mmfakebench,coco_text_edit,coco_text_edit,train,AI_GENERATED,1,medium-high,MMFB_COCO_CF_AI,sd512_counterfactual,coco,sd512_counterfactual,g000771,test,core,512,512,PNG,RGBA,294997,0aa841dbeb08720c09a0fbf81fa4061f1be59d70db0ae97b9f678f5a865e2228,1,5,1
img_0abaa94dbf29dd82f333adecacb4f10ec12e136c2d774ee49801fa18f27b5411,images/0abaa94dbf29dd82f333adecacb4f10ec12e136c2d774ee49801fa18f27b5411.png,mmfakebench,fever_AI,fever_AI,train,AI_GENERATED,1,high,MMFB_FEVER_AI,dalle3_style_1024,news,dalle3_style_1024,g000775,test,core,1024,1024,PNG,RGBA,1296322,0abaa94dbf29dd82f333adecacb4f10ec12e136c2d774ee49801fa18f27b5411,1,5,1
img_0ad4b507dcc616f4b0b8638db1696c28f6ec6d683476c2fe6c9f08e1415b48a1,images/0ad4b507dcc616f4b0b8638db1696c28f6ec6d683476c2fe6c9f08e1415b48a1.png,mmfakebench,fever_AI,fever_AI,train,AI_GENERATED,1,high,MMFB_FEVER_AI,dalle3_style_1024,news,dalle3_style_1024,g000780,test,core,1024,1024,PNG,RGB,1737778,0ad4b507dcc616f4b0b8638db1696c28f6ec6d683476c2fe6c9f08e1415b48a1,1,5,1
img_0afc00993a0c5cb353562058e90aa4ed19176b6c3059edd9c026c80b2d908b30,images/0afc00993a0c5cb353562058e90aa4ed19176b6c3059edd9c026c80b2d908b30.png,mmfakebench,bbc,bbc,train,REAL,0,high,MMFB_GENUINE_REAL,,news,mmfb_visualnews_png,g000794,test,core,624,351,PNG,RGBA,323535,0afc00993a0c5cb353562058e90aa4ed19176b6c3059edd9c026c80b2d908b30,1,4,0
img_0b5da0d2e71158225876045ef8a0b53e41a38502ce5308698519706ed0641483,images/0b5da0d2e71158225876045ef8a0b53e41a38502ce5308698519706ed0641483.png,mmfakebench,fakeddit,fakeddit,train,REAL,0,medium-high,MMFB_GENUINE_REAL,,fakeddit,mmfb_fakeddit_real,g000820,test,core,320,427,PNG,RGBA,169981,0b5da0d2e71158225876045ef8a0b53e41a38502ce5308698519706ed0641483,1,4,0
img_0b62019febd9e671bffcb3fb53ed0944c8c05cf4732ea24d86d463346dd10dd4,images/0b62019febd9e671bffcb3fb53ed0944c8c05cf4732ea24d86d463346dd10dd4.png,mmfakebench,coco_image_edit,coco_image_edit,train,AI_GENERATED,1,medium-high,MMFB_COCO_CF_AI,sd512_counterfactual,coco,sd512_counterfactual,g000822,test,core,512,512,PNG,RGBA,265734,0b62019febd9e671bffcb3fb53ed0944c8c05cf4732ea24d86d463346dd10dd4,1,3,1
img_0b9f508ce326f038e8123ad3891efe8310ead55dbe6b1d02995bd7c97d4f79c9,images/0b9f508ce326f038e8123ad3891efe8310ead55dbe6b1d02995bd7c97d4f79c9.png,mmfakebench,Fakeddit_photo_edit,Fakeddit_photo_edit,train,MANIPULATED,2,medium-high,MMFB_PHOTO_EDIT_MANIPULATED,,fakeddit,fakeddit_photo_edit,g000836,test,core,1440,939,PNG,RGBA,1591341,0b9f508ce326f038e8123ad3891efe8310ead55dbe6b1d02995bd7c97d4f79c9,1,3,1
img_0c93da63cbda248fa3ded7574d8b1d45546a566b9d3ece31f72011f232752e99,images/0c93da63cbda248fa3ded7574d8b1d45546a566b9d3ece31f72011f232752e99.png,mmfakebench,antifact_image_generation,antifact_image_generation,train,AI_GENERATED,1,high,MMFB_ANTIFACT_AI,midjourney_style_1024,news,midjourney_style_1024,g000892,test,core,1024,1024,PNG,RGB,1829973,0c93da63cbda248fa3ded7574d8b1d45546a566b9d3ece31f72011f232752e99,1,3,1
img_0ce4bb8f0574ee02e15a6ef495d68930b98b24783394b435efa835e7a3b7bded,images/0ce4bb8f0574ee02e15a6ef495d68930b98b24783394b435efa835e7a3b7bded.jpg,newsclippings,washington_post,washington_post,train,REAL,0,high,NC_SUPPLEMENT_REAL,,news,nc_jpeg,g000910,test,core,384,256,JPEG,RGB,27082,0ce4bb8f0574ee02e15a6ef495d68930b98b24783394b435efa835e7a3b7bded,1,4,0
img_0ce4d71b7811941bc2030cf5aba485138cfbf0543dceee64faab8ef0a044238c,images/0ce4d71b7811941bc2030cf5aba485138cfbf0543dceee64faab8ef0a044238c.png,mmfakebench,antifact_image_generation,antifact_image_generation,train,AI_GENERATED,1,high,MMFB_ANTIFACT_AI,midjourney_style_1024,news,midjourney_style_1024,g000911,test,core,1024,1024,PNG,RGBA,1796260,0ce4d71b7811941bc2030cf5aba485138cfbf0543dceee64faab8ef0a044238c,1,3,1
img_0cfb62f5af14984fc30dd6e0df46fe66d67437feb109ff7f0e33adf6a4be7bc0,images/0cfb62f5af14984fc30dd6e0df46fe66d67437feb109ff7f0e33adf6a4be7bc0.png,mmfakebench,Newsclipings_semantic,Newsclipings_semantic,train,REAL,0,high,MMFB_OOC_REAL,,news,mmfb_visualnews_png,g000920,test,core,426,256,PNG,RGBA,206554,0cfb62f5af14984fc30dd6e0df46fe66d67437feb109ff7f0e33adf6a4be7bc0,1,1,0
img_0d3ec569e62c77621ce3aed666a9229142ca89b04990c3fe2c5cdc43ca2d1f44,images/0d3ec569e62c77621ce3aed666a9229142ca89b04990c3fe2c5cdc43ca2d1f44.png,mmfakebench,coco_image_edit,coco_image_edit,train,AI_GENERATED,1,medium-high,MMFB_COCO_CF_AI,sd512_counterfactual,coco,sd512_counterfactual,g000937,test,core,512,512,PNG,RGBA,273042,0d3ec569e62c77621ce3aed666a9229142ca89b04990c3fe2c5cdc43ca2d1f44,1,3,1
img_0de1371af610d61551bc12391b9b8ccdf23e09cd3d14fab26897ec96a6473830,images/0de1371af610d61551bc12391b9b8ccdf23e09cd3d14fab26897ec96a6473830.png,mmfakebench,llm_rewrite,llm_rewrite,train,AI_GENERATED,1,high,MMFB_LLM_AI,llm_1024_mixed,news,llm_1024_mixed,g000978,test,core,1024,1024,PNG,RGBA,1989878,0de1371af610d61551bc12391b9b8ccdf23e09cd3d14fab26897ec96a6473830,1,5,1
img_0de7428b87058340207ee58d0598f0c3d213472f0b50988ae4811aa32f9eac9b,images/0de7428b87058340207ee58d0598f0c3d213472f0b50988ae4811aa32f9eac9b.png,mmfakebench,fakeddit,fakeddit,train,REAL,0,medium-high,MMFB_GENUINE_REAL,,fakeddit,mmfb_fakeddit_real,g000980,test,core,320,427,PNG,RGBA,192040,0de7428b87058340207ee58d0598f0c3d213472f0b50988ae4811aa32f9eac9b,1,4,0
img_0e29aa9c4f494b212ef9632a48804ed0308edda79e514bd37c34dc93af407345,images/0e29aa9c4f494b212ef9632a48804ed0308edda79e514bd37c34dc93af407345.png,mmfakebench,coco,coco,train,REAL,0,high,MMFB_GENUINE_REAL,,coco,mmfb_coco_real,g000996,test,core,640,511,PNG,RGBA,798099,0e29aa9c4f494b212ef9632a48804ed0308edda79e514bd37c34dc93af407345,1,4,0
img_0e9a62dccbdafc460ba9e5d217592b694f8276988ca707e9e968b886f1aa6d3d,images/0e9a62dccbdafc460ba9e5d217592b694f8276988ca707e9e968b886f1aa6d3d.png,mmfakebench,coco,coco,train,REAL,0,high,MMFB_GENUINE_REAL,,coco,mmfb_coco_real,g001024,test,core,640,423,PNG,RGBA,479859,0e9a62dccbdafc460ba9e5d217592b694f8276988ca707e9e968b886f1aa6d3d,1,4,0
img_0ef08f974b2aff96c10ab8995df8a36a68a03087f5c6d41562f6de62f72ec3e2,images/0ef08f974b2aff96c10ab8995df8a36a68a03087f5c6d41562f6de62f72ec3e2.jpg,NewsCLIPpings,,,train,REAL,0,high,NC_PAIRED_REAL,,news,nc_jpeg,g001050,test,core,256,390,JPEG,RGB,17462,0ef08f974b2aff96c10ab8995df8a36a68a03087f5c6d41562f6de62f72ec3e2,1,1,0
img_0f2785a623774d92842e5a0a1ec2b2fa65cbc73bd1dbc3db63863300edf1bfc6,images/0f2785a623774d92842e5a0a1ec2b2fa65cbc73bd1dbc3db63863300edf1bfc6.png,mmfakebench,bbc,bbc,train,REAL,0,high,MMFB_GENUINE_REAL,,news,mmfb_visualnews_png,g001069,test,core,976,549,PNG,RGBA,694619,0f2785a623774d92842e5a0a1ec2b2fa65cbc73bd1dbc3db63863300edf1bfc6,1,4,0
img_0f463e4e1962f39e8baf4ce1e340cb24359163f9f9406a5e4327dcc98e0be101,images/0f463e4e1962f39e8baf4ce1e340cb24359163f9f9406a5e4327dcc98e0be101.png,mmfakebench,usa_today,usa_today,train,REAL,0,high,MMFB_GENUINE_REAL,,news,mmfb_visualnews_png,g001076,test,core,386,256,PNG,RGBA,220264,0f463e4e1962f39e8baf4ce1e340cb24359163f9f9406a5e4327dcc98e0be101,1,4,0
img_0f59ce75f94a3d1f439bc2a68e91ed5286c20408f78da509286f77ccce2dfffb,images/0f59ce75f94a3d1f439bc2a68e91ed5286c20408f78da509286f77ccce2dfffb.jpg,NewsCLIPpings,,,train,REAL,0,high,NC_PAIRED_REAL,,news,nc_jpeg,g001084,test,core,426,256,JPEG,RGB,38990,0f59ce75f94a3d1f439bc2a68e91ed5286c20408f78da509286f77ccce2dfffb,1,4,0
img_100cc87ee3939077c0ce8a98eef43da5d6a73a6d875e7ff09fd0d8fec98f3dc4,images/100cc87ee3939077c0ce8a98eef43da5d6a73a6d875e7ff09fd0d8fec98f3dc4.png,mmfakebench,fakeddit,fakeddit,train,REAL,0,medium-high,MMFB_GENUINE_REAL,,fakeddit,mmfb_fakeddit_real,g001147,test,core,320,427,PNG,RGBA,183761,100cc87ee3939077c0ce8a98eef43da5d6a73a6d875e7ff09fd0d8fec98f3dc4,1,4,0
img_100db767df9b855d7853cbe32acbab5c3a21e400bc0592f4ae0e51548c78102d,images/100db767df9b855d7853cbe32acbab5c3a21e400bc0592f4ae0e51548c78102d.png,mmfakebench,usa_today,usa_today,train,REAL,0,high,MMFB_GENUINE_REAL,,news,mmfb_visualnews_png,g001148,test,core,383,256,PNG,RGBA,96015,100db767df9b855d7853cbe32acbab5c3a21e400bc0592f4ae0e51548c78102d,1,4,0
img_11113b4c03919fc09428ae745629973ad3461f9823d818fe9e22f957d54a58a2,images/11113b4c03919fc09428ae745629973ad3461f9823d818fe9e22f957d54a58a2.png,mmfakebench,antifact_image_generation,antifact_image_generation,train,AI_GENERATED,1,high,MMFB_ANTIFACT_AI,midjourney_style_1024,news,midjourney_style_1024,g001205,test,core,1024,1024,PNG,RGB,1775761,11113b4c03919fc09428ae745629973ad3461f9823d818fe9e22f957d54a58a2,1,3,1
img_114a8115ca0414ab8fc5116c3e682b69de1e20d57e8113946395211708385abd,images/114a8115ca0414ab8fc5116c3e682b69de1e20d57e8113946395211708385abd.png,mmfakebench,fakeddit,fakeddit,train,REAL,0,medium-high,MMFB_GENUINE_REAL,,fakeddit,mmfb_fakeddit_real,g001221,test,core,320,240,PNG,RGBA,134382,114a8115ca0414ab8fc5116c3e682b69de1e20d57e8113946395211708385abd,1,4,0
img_118ca4aa5542c20b311d90072a396ffb6c5ab3c7d54eabe7c8ef6925f23a3399,images/118ca4aa5542c20b311d90072a396ffb6c5ab3c7d54eabe7c8ef6925f23a3399.png,mmfakebench,coco_text_edit,coco_text_edit,train,AI_GENERATED,1,medium-high,MMFB_COCO_CF_AI,sd512_counterfactual,coco,sd512_counterfactual,g001231,test,core,512,512,PNG,RGBA,342388,118ca4aa5542c20b311d90072a396ffb6c5ab3c7d54eabe7c8ef6925f23a3399,1,5,1
img_11bdcdf727cf62b31b10af0a17fb8ebadf6a46c9cfd5c775eef12e030235066b,images/11bdcdf727cf62b31b10af0a17fb8ebadf6a46c9cfd5c775eef12e030235066b.png,mmfakebench,coco,coco,train,REAL,0,high,MMFB_GENUINE_REAL,,coco,mmfb_coco_real,g001245,test,core,640,480,PNG,RGBA,139508,11bdcdf727cf62b31b10af0a17fb8ebadf6a46c9cfd5c775eef12e030235066b,1,4,0
img_120363935c68b8b4d92402d37767b8d90cbf7c0586ee434b42a16aec51c0506f,images/120363935c68b8b4d92402d37767b8d90cbf7c0586ee434b42a16aec51c0506f.png,mmfakebench,Newsclipings_person,Newsclipings_person,train,REAL,0,high,MMFB_OOC_REAL,,news,mmfb_visualnews_png,g001260,test,core,394,256,PNG,RGBA,133458,120363935c68b8b4d92402d37767b8d90cbf7c0586ee434b42a16aec51c0506f,1,1,0
img_121b14343c52c39e6eee5b947b5c6b2041e5c6f48d820b93d183b1035f0b122d,images/121b14343c52c39e6eee5b947b5c6b2041e5c6f48d820b93d183b1035f0b122d.png,mmfakebench,fever_AI,fever_AI,train,AI_GENERATED,1,high,MMFB_FEVER_AI,dalle3_style_1024,news,dalle3_style_1024,g001264,test,core,1024,1024,PNG,RGBA,1837402,121b14343c52c39e6eee5b947b5c6b2041e5c6f48d820b93d183b1035f0b122d,1,5,1
img_12aff47195979e33effcf14dde5afc1e3e51813d1bf474c10a067e114219108e,images/12aff47195979e33effcf14dde5afc1e3e51813d1bf474c10a067e114219108e.png,mmfakebench,fakeddit,fakeddit,train,REAL,0,medium-high,MMFB_GENUINE_REAL,,fakeddit,mmfb_fakeddit_real,g001298,test,core,320,240,PNG,RGBA,209725,12aff47195979e33effcf14dde5afc1e3e51813d1bf474c10a067e114219108e,1,4,0
img_132c0ece55a42e190860f23c653239fd535f3bf154b7b8147ed485fc330d12e2,images/132c0ece55a42e190860f23c653239fd535f3bf154b7b8147ed485fc330d12e2.jpg,NewsCLIPpings,,,train,REAL,0,high,NC_PAIRED_REAL,,news,nc_jpeg,g001333,test,core,426,256,JPEG,RGB,44186,132c0ece55a42e190860f23c653239fd535f3bf154b7b8147ed485fc330d12e2,1,1,0
img_1346e4e2dcb65c1debe5991f68946749d068204c92e15d2f95670ca990ef74db,images/1346e4e2dcb65c1debe5991f68946749d068204c92e15d2f95670ca990ef74db.png,mmfakebench,fever_AI,fever_AI,train,AI_GENERATED,1,high,MMFB_FEVER_AI,dalle3_style_1024,news,dalle3_style_1024,g001343,test,core,1024,1024,PNG,RGB,1463916,1346e4e2dcb65c1debe5991f68946749d068204c92e15d2f95670ca990ef74db,1,5,1
img_13651ff5102a40cdcea69150600c6f2fe3a0dfb2cdcec23d6b7ac94db0e11ef5,images/13651ff5102a40cdcea69150600c6f2fe3a0dfb2cdcec23d6b7ac94db0e11ef5.jpg,NewsCLIPpings,,,train,REAL,0,high,NC_PAIRED_REAL,,news,nc_jpeg,g001350,test,core,476,256,JPEG,RGB,19199,13651ff5102a40cdcea69150600c6f2fe3a0dfb2cdcec23d6b7ac94db0e11ef5,1,1,0
img_1368d3ce4587da3a813682dd6f03ce73f5976229fcdcae926cbb45d1315d5dcf,images/1368d3ce4587da3a813682dd6f03ce73f5976229fcdcae926cbb45d1315d5dcf.png,mmfakebench,llm_science_md_generation,llm_science_md_generation,train,AI_GENERATED,1,high,MMFB_LLM_AI,llm_1024_mixed,news,llm_1024_mixed,g001353,test,core,1024,1024,PNG,RGBA,1261846,1368d3ce4587da3a813682dd6f03ce73f5976229fcdcae926cbb45d1315d5dcf,1,5,1
img_145bc1b34e600b7e7faf621e7c09aa958e4add294a05a8786293df833b80164c,images/145bc1b34e600b7e7faf621e7c09aa958e4add294a05a8786293df833b80164c.png,mmfakebench,coco_image_edit,coco_image_edit,train,AI_GENERATED,1,medium-high,MMFB_COCO_CF_AI,sd512_counterfactual,coco,sd512_counterfactual,g001412,test,core,512,512,PNG,RGBA,253057,145bc1b34e600b7e7faf621e7c09aa958e4add294a05a8786293df833b80164c,1,3,1
img_14bdc95419f8083dac0906e07122ecd653bf89dd0191afe6a16756d859099d86,images/14bdc95419f8083dac0906e07122ecd653bf89dd0191afe6a16756d859099d86.png,mmfakebench,antifact_image_generation,antifact_image_generation,train,AI_GENERATED,1,high,MMFB_ANTIFACT_AI,midjourney_style_1024,news,midjourney_style_1024,g001439,test,core,1024,1024,PNG,RGBA,1681112,14bdc95419f8083dac0906e07122ecd653bf89dd0191afe6a16756d859099d86,1,3,1
img_15f225e8d4df59bfcb92bd0ee215929cc63fe3a0db861725066f674a74c94610,images/15f225e8d4df59bfcb92bd0ee215929cc63fe3a0db861725066f674a74c94610.jpg,NewsCLIPpings,,,train,REAL,0,high,NC_PAIRED_REAL,,news,nc_jpeg,g001516,test,core,384,256,JPEG,RGB,49762,15f225e8d4df59bfcb92bd0ee215929cc63fe3a0db861725066f674a74c94610,1,1,0
img_16e73dac7fe707c4c00c8db9ff3569793c878f0329e195d31b776647e6761861,images/16e73dac7fe707c4c00c8db9ff3569793c878f0329e195d31b776647e6761861.jpg,NewsCLIPpings,,,train,REAL,0,high,NC_PAIRED_REAL,,news,nc_jpeg,g001577,test,core,384,256,JPEG,RGB,16617,16e73dac7fe707c4c00c8db9ff3569793c878f0329e195d31b776647e6761861,1,1,0
img_1701533e6d07ee9042c607686b640872746c25d86dd879eda129ee2aff8cfe17,images/1701533e6d07ee9042c607686b640872746c25d86dd879eda129ee2aff8cfe17.png,mmfakebench,coco_image_edit,coco_image_edit,train,AI_GENERATED,1,medium-high,MMFB_COCO_CF_AI,sd512_counterfactual,coco,sd512_counterfactual,g001585,test,core,512,512,PNG,RGBA,444100,1701533e6d07ee9042c607686b640872746c25d86dd879eda129ee2aff8cfe17,1,3,1
img_1774e54ba0699702c603b37b05493ebb54a4dcd44d5b7d25d6384d1f51a829a3,images/1774e54ba0699702c603b37b05493ebb54a4dcd44d5b7d25d6384d1f51a829a3.png,mmfakebench,coco_image_edit,coco_image_edit,train,AI_GENERATED,1,medium-high,MMFB_COCO_CF_AI,sd512_counterfactual,coco,sd512_counterfactual,g001625,test,core,512,512,PNG,RGBA,301843,1774e54ba0699702c603b37b05493ebb54a4dcd44d5b7d25d6384d1f51a829a3,1,3,1
img_18254a6e6e66621061f09af6a39cc8a8b0a5f735bef9f8f8e9e78d2d89c23704,images/18254a6e6e66621061f09af6a39cc8a8b0a5f735bef9f8f8e9e78d2d89c23704.png,mmfakebench,coco,coco,train,REAL,0,high,MMFB_GENUINE_REAL,,coco,mmfb_coco_real,g001673,test,core,640,480,PNG,RGBA,329916,18254a6e6e66621061f09af6a39cc8a8b0a5f735bef9f8f8e9e78d2d89c23704,1,4,0
img_1b009e40116ed22db2b04952d45c01e683166a735aad9307473b7c029c5f3d76,images/1b009e40116ed22db2b04952d45c01e683166a735aad9307473b7c029c5f3d76.png,mmfakebench,llm_rewrite,llm_rewrite,train,AI_GENERATED,1,high,MMFB_LLM_AI,llm_1024_mixed,news,llm_1024_mixed,g001854,test,core,1024,1024,PNG,RGB,1867458,1b009e40116ed22db2b04952d45c01e683166a735aad9307473b7c029c5f3d76,1,5,1
img_1b1c71f6c4b27532735e060c15d09ec43aca6031aeac2ac14f5d8517fbc434ce,images/1b1c71f6c4b27532735e060c15d09ec43aca6031aeac2ac14f5d8517fbc434ce.png,mmfakebench,Fakeddit_photo_edit,Fakeddit_photo_edit,train,MANIPULATED,2,medium-high,MMFB_PHOTO_EDIT_MANIPULATED,,fakeddit,fakeddit_photo_edit,g001865,test,core,676,1200,PNG,RGBA,1108254,1b1c71f6c4b27532735e060c15d09ec43aca6031aeac2ac14f5d8517fbc434ce,1,3,1
img_1c6fe4028b6d17dfec8ee1421e0ebbfff0cb5d5d69568e42245b8eaf1280a182,images/1c6fe4028b6d17dfec8ee1421e0ebbfff0cb5d5d69568e42245b8eaf1280a182.png,mmfakebench,fever_AI,fever_AI,train,AI_GENERATED,1,high,MMFB_FEVER_AI,dalle3_style_1024,news,dalle3_style_1024,g001953,test,core,1024,1024,PNG,RGB,1827070,1c6fe4028b6d17dfec8ee1421e0ebbfff0cb5d5d69568e42245b8eaf1280a182,1,5,1
img_1c98487b740696559972956acc1099351ed0bd1edbb468cb8e0ddc7997df9c57,images/1c98487b740696559972956acc1099351ed0bd1edbb468cb8e0ddc7997df9c57.png,mmfakebench,fakeddit,fakeddit,train,REAL,0,medium-high,MMFB_GENUINE_REAL,,fakeddit,mmfb_fakeddit_real,g001961,test,core,320,249,PNG,RGBA,193145,1c98487b740696559972956acc1099351ed0bd1edbb468cb8e0ddc7997df9c57,1,4,0
img_1cb8e036590513c81bfd178ce46fbeeee138dca47e404e1c5b29a912a96c7207,images/1cb8e036590513c81bfd178ce46fbeeee138dca47e404e1c5b29a912a96c7207.png,mmfakebench,coco,coco,train,REAL,0,high,MMFB_GENUINE_REAL,,coco,mmfb_coco_real,g001969,test,core,416,640,PNG,RGBA,382081,1cb8e036590513c81bfd178ce46fbeeee138dca47e404e1c5b29a912a96c7207,1,4,0
img_1d1d829c1cd155cd84cdf1ec21a7469bd5814ad4ac025e8fa96f391f483d4971,images/1d1d829c1cd155cd84cdf1ec21a7469bd5814ad4ac025e8fa96f391f483d4971.jpg,NewsCLIPpings,,,train,REAL,0,high,NC_PAIRED_REAL,,news,nc_jpeg,g001990,test,core,426,256,JPEG,RGB,35021,1d1d829c1cd155cd84cdf1ec21a7469bd5814ad4ac025e8fa96f391f483d4971,1,1,0
img_1d205463e0b577efd223268132416328d1eb08d5685ff312b96f2ed1b93534da,images/1d205463e0b577efd223268132416328d1eb08d5685ff312b96f2ed1b93534da.jpg,newsclippings,usa_today,usa_today,train,REAL,0,high,NC_SUPPLEMENT_REAL,,news,nc_jpeg,g001991,test,core,406,256,JPEG,RGB,29465,1d205463e0b577efd223268132416328d1eb08d5685ff312b96f2ed1b93534da,1,4,0
img_1d23a0536eaef53ec1dff343019b21624821ab0a57e50e3504c0fc44b98defdc,images/1d23a0536eaef53ec1dff343019b21624821ab0a57e50e3504c0fc44b98defdc.png,mmfakebench,fakeddit,fakeddit,train,REAL,0,medium-high,MMFB_GENUINE_REAL,,fakeddit,mmfb_fakeddit_real,g001992,test,core,320,427,PNG,RGBA,225734,1d23a0536eaef53ec1dff343019b21624821ab0a57e50e3504c0fc44b98defdc,1,4,0
img_1d5c025556794b1ab9c148282f4b4c5dc07466b6fa3203105d7f661718d24ad5,images/1d5c025556794b1ab9c148282f4b4c5dc07466b6fa3203105d7f661718d24ad5.png,mmfakebench,usa_today,usa_today,train,REAL,0,high,MMFB_GENUINE_REAL,,news,mmfb_visualnews_png,g002005,test,core,341,256,PNG,RGBA,173761,1d5c025556794b1ab9c148282f4b4c5dc07466b6fa3203105d7f661718d24ad5,1,4,0
img_1d5fbc59f1fa31417b474df650863a19b2c733455874f5397093f72c7250ec03,images/1d5fbc59f1fa31417b474df650863a19b2c733455874f5397093f72c7250ec03.jpg,newsclippings,washington_post,washington_post,train,REAL,0,high,NC_SUPPLEMENT_REAL,,news,nc_jpeg,g002006,test,core,384,256,JPEG,RGB,12142,1d5fbc59f1fa31417b474df650863a19b2c733455874f5397093f72c7250ec03,1,4,0
img_1d79178b2e99d8dfd0df4625dec20a5373bcd944d5e7efd365577bbf66ce5471,images/1d79178b2e99d8dfd0df4625dec20a5373bcd944d5e7efd365577bbf66ce5471.png,mmfakebench,antifact_image_generation,antifact_image_generation,train,AI_GENERATED,1,high,MMFB_ANTIFACT_AI,midjourney_style_1024,news,midjourney_style_1024,g002013,test,core,1024,1024,PNG,RGB,1849373,1d79178b2e99d8dfd0df4625dec20a5373bcd944d5e7efd365577bbf66ce5471,1,3,1
img_1df6c7c834868a4bf0ef3beef3d23fe6ffee8312bb43f22210eaf82cef140f23,images/1df6c7c834868a4bf0ef3beef3d23fe6ffee8312bb43f22210eaf82cef140f23.jpg,NewsCLIPpings,,,train,REAL,0,high,NC_PAIRED_REAL,,news,nc_jpeg,g002043,test,core,364,256,JPEG,RGB,24983,1df6c7c834868a4bf0ef3beef3d23fe6ffee8312bb43f22210eaf82cef140f23,1,4,0
img_1df7fd53008dea078e739b806598df0aa8ae286c6bfe856e17a44745f07df503,images/1df7fd53008dea078e739b806598df0aa8ae286c6bfe856e17a44745f07df503.png,mmfakebench,coco_image_edit,coco_image_edit,train,AI_GENERATED,1,medium-high,MMFB_COCO_CF_AI,sd512_counterfactual,coco,sd512_counterfactual,g002045,test,core,512,512,PNG,RGBA,352669,1df7fd53008dea078e739b806598df0aa8ae286c6bfe856e17a44745f07df503,1,3,1
img_1ef3ec25ec86f2b3fcc3e6adfad476fbadd9eed3d2daa16644444570ee031f74,images/1ef3ec25ec86f2b3fcc3e6adfad476fbadd9eed3d2daa16644444570ee031f74.png,mmfakebench,llm_science_md_generation,llm_science_md_generation,train,AI_GENERATED,1,high,MMFB_LLM_AI,llm_1024_mixed,news,llm_1024_mixed,g002105,test,core,1024,1024,PNG,RGB,1807500,1ef3ec25ec86f2b3fcc3e6adfad476fbadd9eed3d2daa16644444570ee031f74,1,5,1
img_1fadcbf36943324976e528a2d6e67760e16204a4e2e6bc85884987d557f10982,images/1fadcbf36943324976e528a2d6e67760e16204a4e2e6bc85884987d557f10982.png,mmfakebench,antifact_image_generation,antifact_image_generation,train,AI_GENERATED,1,high,MMFB_ANTIFACT_AI,midjourney_style_1024,news,midjourney_style_1024,g002152,test,core,1024,1024,PNG,RGBA,1886167,1fadcbf36943324976e528a2d6e67760e16204a4e2e6bc85884987d557f10982,1,3,1
img_20b31b15e1ae06aa0e4a25e7260bc5aa71731c518f1d39050811328f56b7264e,images/20b31b15e1ae06aa0e4a25e7260bc5aa71731c518f1d39050811328f56b7264e.png,mmfakebench,Fakeddit_photo_edit,Fakeddit_photo_edit,train,MANIPULATED,2,medium-high,MMFB_PHOTO_EDIT_MANIPULATED,,fakeddit,fakeddit_photo_edit,g002213,test,core,634,1024,PNG,RGBA,1053158,20b31b15e1ae06aa0e4a25e7260bc5aa71731c518f1d39050811328f56b7264e,1,3,1
img_20b8c375d21088a34300341dc59906aa7ff32936ea08240bd7222bb63b3f7059,images/20b8c375d21088a34300341dc59906aa7ff32936ea08240bd7222bb63b3f7059.png,mmfakebench,coco_text_edit,coco_text_edit,train,AI_GENERATED,1,medium-high,MMFB_COCO_CF_AI,sd512_counterfactual,coco,sd512_counterfactual,g002217,test,core,512,512,PNG,RGBA,379671,20b8c375d21088a34300341dc59906aa7ff32936ea08240bd7222bb63b3f7059,1,5,1
img_20c8e7bd67086b371dc1f1a2956dbf3b0560c82d816ee4b8ec2252bf32e620a8,images/20c8e7bd67086b371dc1f1a2956dbf3b0560c82d816ee4b8ec2252bf32e620a8.png,mmfakebench,coco_image_edit,coco_image_edit,train,AI_GENERATED,1,medium-high,MMFB_COCO_CF_AI,sd512_counterfactual,coco,sd512_counterfactual,g002218,test,core,512,512,PNG,RGBA,464430,20c8e7bd67086b371dc1f1a2956dbf3b0560c82d816ee4b8ec2252bf32e620a8,1,3,1
img_20fdd08386bbdb27b8c5dc900bc58918b9c6b2c89862429958571ca87ee4789c,images/20fdd08386bbdb27b8c5dc900bc58918b9c6b2c89862429958571ca87ee4789c.png,mmfakebench,coco,coco,train,REAL,0,high,MMFB_GENUINE_REAL,,coco,mmfb_coco_real,g002235,test,core,500,333,PNG,RGBA,174166,20fdd08386bbdb27b8c5dc900bc58918b9c6b2c89862429958571ca87ee4789c,1,4,0
img_210335def6bcb8fdc47b7c3798c1cadcf73661c2fe257daff9932d422c14ea3d,images/210335def6bcb8fdc47b7c3798c1cadcf73661c2fe257daff9932d422c14ea3d.png,mmfakebench,coco_image_edit,coco_image_edit,train,AI_GENERATED,1,medium-high,MMFB_COCO_CF_AI,sd512_counterfactual,coco,sd512_counterfactual,g002238,test,core,512,512,PNG,RGBA,445781,210335def6bcb8fdc47b7c3798c1cadcf73661c2fe257daff9932d422c14ea3d,1,3,1
img_219b04b65ed86f07478b2f7a4515fa32e616eeb0ed1c3db9f2288cecec727557,images/219b04b65ed86f07478b2f7a4515fa32e616eeb0ed1c3db9f2288cecec727557.png,mmfakebench,coco,coco,train,REAL,0,high,MMFB_GENUINE_REAL,,coco,mmfb_coco_real,g002279,test,core,480,640,PNG,RGBA,573549,219b04b65ed86f07478b2f7a4515fa32e616eeb0ed1c3db9f2288cecec727557,1,4,0
img_221efad5653da21ae0f3ff24046615904c1a9a9b6ac61b88589e1c5b6322b526,images/221efad5653da21ae0f3ff24046615904c1a9a9b6ac61b88589e1c5b6322b526.png,mmfakebench,antifact_image_generation,antifact_image_generation,train,AI_GENERATED,1,high,MMFB_ANTIFACT_AI,midjourney_style_1024,news,midjourney_style_1024,g002320,test,core,1024,1024,PNG,RGBA,1796775,221efad5653da21ae0f3ff24046615904c1a9a9b6ac61b88589e1c5b6322b526,1,3,1
img_22fe6c81d8863ef873f30b5d7cd4ee27f792b0c13a888134f28a18664d560b08,images/22fe6c81d8863ef873f30b5d7cd4ee27f792b0c13a888134f28a18664d560b08.png,mmfakebench,chatgpt_match,chatgpt_match|rumor_match,train,REAL,0,high,MMFB_FAKE_TEXT_REAL_IMAGE,,news,mmfb_visualnews_png,g002382,test,core,426,256,PNG,RGBA,164293,22fe6c81d8863ef873f30b5d7cd4ee27f792b0c13a888134f28a18664d560b08,4,2,0
img_235a216587a1a8f42119953f37cff2a7427b102eb294a2486b28af34f70264eb,images/235a216587a1a8f42119953f37cff2a7427b102eb294a2486b28af34f70264eb.png,mmfakebench,gossipcop_midjourney,gossipcop_midjourney,train,AI_GENERATED,1,high,MMFB_MIDJOURNEY_AI,midjourney_v6_named_1024,news,midjourney_v6_named_1024,g002403,test,core,1024,1024,PNG,RGBA,2201255,235a216587a1a8f42119953f37cff2a7427b102eb294a2486b28af34f70264eb,1,5,1
img_2364598aff84903d477f5b9e65b433f5516097ff681cd61b257af158aa2d8b41,images/2364598aff84903d477f5b9e65b433f5516097ff681cd61b257af158aa2d8b41.png,mmfakebench,antifact_image_generation,antifact_image_generation,train,AI_GENERATED,1,high,MMFB_ANTIFACT_AI,midjourney_style_1024,news,midjourney_style_1024,g002405,test,core,1024,1024,PNG,RGBA,1734691,2364598aff84903d477f5b9e65b433f5516097ff681cd61b257af158aa2d8b41,1,3,1
img_24651ff058fee0000cf31d30de687005c4b5be055ca8fb5a5e9ad0d35e3116ce,images/24651ff058fee0000cf31d30de687005c4b5be055ca8fb5a5e9ad0d35e3116ce.png,mmfakebench,Newsclipings_scene,Newsclipings_scene,train,REAL,0,high,MMFB_OOC_REAL,,news,mmfb_visualnews_png,g002487,test,core,426,256,PNG,RGBA,213117,24651ff058fee0000cf31d30de687005c4b5be055ca8fb5a5e9ad0d35e3116ce,1,1,0
img_24828fcc84b341546d476d53f05bf3bfeece59dc5263dc5963481761b95d6106,images/24828fcc84b341546d476d53f05bf3bfeece59dc5263dc5963481761b95d6106.png,mmfakebench,chatgpt_match,chatgpt_match,train,REAL,0,high,MMFB_FAKE_TEXT_REAL_IMAGE,,news,mmfb_visualnews_png,g002493,test,core,455,256,PNG,RGBA,109439,24828fcc84b341546d476d53f05bf3bfeece59dc5263dc5963481761b95d6106,1,2,0
img_249da51bcb57b1c9dab043ec0b503a71ade7274626c8403ac12b04bd4d3c4954,images/249da51bcb57b1c9dab043ec0b503a71ade7274626c8403ac12b04bd4d3c4954.png,mmfakebench,fakeddit,fakeddit,train,REAL,0,medium-high,MMFB_GENUINE_REAL,,fakeddit,mmfb_fakeddit_real,g002502,test,core,320,427,PNG,RGBA,138861,249da51bcb57b1c9dab043ec0b503a71ade7274626c8403ac12b04bd4d3c4954,1,4,0
img_24d5c4f2ced453637084d8acc17cdfd7b34786890a662829576282eed1daf1e8,images/24d5c4f2ced453637084d8acc17cdfd7b34786890a662829576282eed1daf1e8.png,mmfakebench,coco_image_edit,coco_image_edit,train,AI_GENERATED,1,medium-high,MMFB_COCO_CF_AI,sd512_counterfactual,coco,sd512_counterfactual,g002522,test,core,512,512,PNG,RGBA,244433,24d5c4f2ced453637084d8acc17cdfd7b34786890a662829576282eed1daf1e8,1,3,1
img_25171124034a93148d7d152ddb0cd7fe8da1ef3061488a623efe85baf057228c,images/25171124034a93148d7d152ddb0cd7fe8da1ef3061488a623efe85baf057228c.png,mmfakebench,coco_text_edit,coco_text_edit,train,AI_GENERATED,1,medium-high,MMFB_COCO_CF_AI,sd512_counterfactual,coco,sd512_counterfactual,g002538,test,core,512,512,PNG,RGBA,288901,25171124034a93148d7d152ddb0cd7fe8da1ef3061488a623efe85baf057228c,1,5,1
img_2533e48994ef3694a7f21671b10e2d3b4bc6f7f7faac1788493feaa2194425aa,images/2533e48994ef3694a7f21671b10e2d3b4bc6f7f7faac1788493feaa2194425aa.png,mmfakebench,Newsclipings_scene,Newsclipings_scene,train,REAL,0,high,MMFB_OOC_REAL,,news,mmfb_visualnews_png,g002552,test,core,426,256,PNG,RGBA,223551,2533e48994ef3694a7f21671b10e2d3b4bc6f7f7faac1788493feaa2194425aa,1,1,0
img_255e67921114d98e25f2878fa6e7da33416ed09d2464faaa1667194c73a2b18b,images/255e67921114d98e25f2878fa6e7da33416ed09d2464faaa1667194c73a2b18b.png,mmfakebench,gossipcop_midjourney,gossipcop_midjourney,train,AI_GENERATED,1,high,MMFB_MIDJOURNEY_AI,midjourney_v6_named_1024,news,midjourney_v6_named_1024,g002568,test,core,1024,1024,PNG,RGB,1527824,255e67921114d98e25f2878fa6e7da33416ed09d2464faaa1667194c73a2b18b,1,5,1
img_262b57410b5316611eccb0053423e2e398a416b4c6a993e6188812d8539914c3,images/262b57410b5316611eccb0053423e2e398a416b4c6a993e6188812d8539914c3.jpg,NewsCLIPpings,,,train,REAL,0,high,NC_PAIRED_REAL,,news,nc_jpeg,g001333,test,core,382,256,JPEG,RGB,18249,262b57410b5316611eccb0053423e2e398a416b4c6a993e6188812d8539914c3,1,4,0
img_2636ebaaae3395f1f8f32f846fdb3a0866d557c35a4e2efee4e686f776f52375,images/2636ebaaae3395f1f8f32f846fdb3a0866d557c35a4e2efee4e686f776f52375.png,mmfakebench,rumor_match,rumor_match,train,REAL,0,high,MMFB_FAKE_TEXT_REAL_IMAGE,,news,mmfb_visualnews_png,g002634,test,core,256,356,PNG,RGBA,151827,2636ebaaae3395f1f8f32f846fdb3a0866d557c35a4e2efee4e686f776f52375,1,2,0
img_26712c4abc75f57aed40dc21546520776560117ec5c85e3c021afd84a026d9a6,images/26712c4abc75f57aed40dc21546520776560117ec5c85e3c021afd84a026d9a6.png,mmfakebench,coco_text_edit,coco_text_edit,train,AI_GENERATED,1,medium-high,MMFB_COCO_CF_AI,sd512_counterfactual,coco,sd512_counterfactual,g002653,test,core,512,512,PNG,RGBA,428844,26712c4abc75f57aed40dc21546520776560117ec5c85e3c021afd84a026d9a6,1,5,1
img_26bc913672f466ad52618384dcf121c1bb57705dd274a742f86262943100edb8,images/26bc913672f466ad52618384dcf121c1bb57705dd274a742f86262943100edb8.png,mmfakebench,Fakeddit_photo_edit,Fakeddit_photo_edit,train,MANIPULATED,2,medium-high,MMFB_PHOTO_EDIT_MANIPULATED,,fakeddit,fakeddit_photo_edit,g002679,test,core,2560,1600,PNG,RGBA,4198750,26bc913672f466ad52618384dcf121c1bb57705dd274a742f86262943100edb8,1,3,1
img_27116f19273b274593c0d5229c82f17398704d9d6d94d0fb5c0c059148892238,images/27116f19273b274593c0d5229c82f17398704d9d6d94d0fb5c0c059148892238.png,mmfakebench,rumor_match,rumor_match,train,REAL,0,high,MMFB_FAKE_TEXT_REAL_IMAGE,,news,mmfb_visualnews_png,g002706,test,core,455,256,PNG,RGBA,111332,27116f19273b274593c0d5229c82f17398704d9d6d94d0fb5c0c059148892238,1,2,0
img_27611573bf72971a6ab836adc1b5edfd0285e7cbf2b6948387de3e83d8fabab6,images/27611573bf72971a6ab836adc1b5edfd0285e7cbf2b6948387de3e83d8fabab6.png,mmfakebench,Newsclipings_scene,Newsclipings_scene,train,REAL,0,high,MMFB_OOC_REAL,,news,mmfb_visualnews_png,g002718,test,core,624,351,PNG,RGBA,285440,27611573bf72971a6ab836adc1b5edfd0285e7cbf2b6948387de3e83d8fabab6,1,1,0
img_27a3fbe09360c91269d7650130b05c49f0a14a9268dfa8c40df6fc5222bd96d2,images/27a3fbe09360c91269d7650130b05c49f0a14a9268dfa8c40df6fc5222bd96d2.png,mmfakebench,Newsclipings_person,Newsclipings_person,train,REAL,0,high,MMFB_OOC_REAL,,news,mmfb_visualnews_png,g002737,test,core,426,256,PNG,RGBA,182726,27a3fbe09360c91269d7650130b05c49f0a14a9268dfa8c40df6fc5222bd96d2,1,1,0
img_27cdb7585cb0c7b61fc416f588e67fd5e19311517dbf3a70d26a33d73d89852f,images/27cdb7585cb0c7b61fc416f588e67fd5e19311517dbf3a70d26a33d73d89852f.png,mmfakebench,fakeddit,fakeddit,train,REAL,0,medium-high,MMFB_GENUINE_REAL,,fakeddit,mmfb_fakeddit_real,g002748,test,core,320,472,PNG,RGBA,148726,27cdb7585cb0c7b61fc416f588e67fd5e19311517dbf3a70d26a33d73d89852f,1,4,0
img_28419fabb4810b49d1a4d81b5b5dce50ed83f0867179bb3a3fb3a09863e35382,images/28419fabb4810b49d1a4d81b5b5dce50ed83f0867179bb3a3fb3a09863e35382.jpg,NewsCLIPpings,,,train,REAL,0,high,NC_PAIRED_REAL,,news,nc_jpeg,g001946,test,core,256,319,JPEG,RGB,25970,28419fabb4810b49d1a4d81b5b5dce50ed83f0867179bb3a3fb3a09863e35382,1,1,0
img_298af8d2c12617715db93fa59a7b0a9556a6f203df3307c78b10b741c6baca59,images/298af8d2c12617715db93fa59a7b0a9556a6f203df3307c78b10b741c6baca59.png,mmfakebench,fever_AI,fever_AI,train,AI_GENERATED,1,high,MMFB_FEVER_AI,dalle3_style_1024,news,dalle3_style_1024,g002877,test,core,1024,1024,PNG,RGB,1682075,298af8d2c12617715db93fa59a7b0a9556a6f203df3307c78b10b741c6baca59,1,5,1
img_2a1b80a19600c1d844d56252423b20c2031f1e65a953d6b45a1bf1acc654c597,images/2a1b80a19600c1d844d56252423b20c2031f1e65a953d6b45a1bf1acc654c597.png,mmfakebench,antifact_image_generation,antifact_image_generation,train,AI_GENERATED,1,high,MMFB_ANTIFACT_AI,midjourney_style_1024,news,midjourney_style_1024,g002914,test,core,1024,1024,PNG,RGB,1657200,2a1b80a19600c1d844d56252423b20c2031f1e65a953d6b45a1bf1acc654c597,1,3,1
img_2afbbed8f24dab3dfe338a6c072f8245182eaf1df82d75f9111ee9c23d164d0b,images/2afbbed8f24dab3dfe338a6c072f8245182eaf1df82d75f9111ee9c23d164d0b.png,mmfakebench,DGM4_text_edit_senti,DGM4_text_edit_senti,train,REAL,0,high,MMFB_TEXT_EDIT_REAL_IMAGE,,news,mmfb_visualnews_png,g002971,test,core,426,256,PNG,RGBA,166250,2afbbed8f24dab3dfe338a6c072f8245182eaf1df82d75f9111ee9c23d164d0b,1,2,0
img_2bb4c591eda65dbf9bd0ff0310083e1db25baf571dd8d2a85b4ecada751dcfd9,images/2bb4c591eda65dbf9bd0ff0310083e1db25baf571dd8d2a85b4ecada751dcfd9.png,mmfakebench,rumor_match,rumor_match,train,REAL,0,high,MMFB_FAKE_TEXT_REAL_IMAGE,,news,mmfb_visualnews_png,g003023,test,core,455,256,PNG,RGBA,229844,2bb4c591eda65dbf9bd0ff0310083e1db25baf571dd8d2a85b4ecada751dcfd9,1,2,0
img_2bbbf925597f8ea689993b899e88b37f927906c84c2bfa5f5398ae21dadb3f2e,images/2bbbf925597f8ea689993b899e88b37f927906c84c2bfa5f5398ae21dadb3f2e.png,mmfakebench,coco,coco,train,REAL,0,high,MMFB_GENUINE_REAL,,coco,mmfb_coco_real,g003026,test,core,640,427,PNG,RGBA,531065,2bbbf925597f8ea689993b899e88b37f927906c84c2bfa5f5398ae21dadb3f2e,1,4,0
img_2caef959cdb3228deeb008238c8f99b2c253d7f43a7c0e8dc601a4de631d1212,images/2caef959cdb3228deeb008238c8f99b2c253d7f43a7c0e8dc601a4de631d1212.png,mmfakebench,fever_AI,fever_AI,train,AI_GENERATED,1,high,MMFB_FEVER_AI,dalle3_style_1024,news,dalle3_style_1024,g003089,test,core,1024,1024,PNG,RGB,1624290,2caef959cdb3228deeb008238c8f99b2c253d7f43a7c0e8dc601a4de631d1212,1,5,1
img_2ce840f720d1d503d402c2569e42ca600a9581c6e3c120cab4c87070f9a31129,images/2ce840f720d1d503d402c2569e42ca600a9581c6e3c120cab4c87070f9a31129.png,mmfakebench,fakeddit,fakeddit,train,REAL,0,medium-high,MMFB_GENUINE_REAL,,fakeddit,mmfb_fakeddit_real,g003104,test,core,320,720,PNG,RGBA,280596,2ce840f720d1d503d402c2569e42ca600a9581c6e3c120cab4c87070f9a31129,1,4,0
img_2df406bb94399c6623cbdd476cea74cefac191b63ee7f46700bfbc92241b3a3e,images/2df406bb94399c6623cbdd476cea74cefac191b63ee7f46700bfbc92241b3a3e.png,mmfakebench,fakeddit,fakeddit,train,REAL,0,medium-high,MMFB_GENUINE_REAL,,fakeddit,mmfb_fakeddit_real,g003178,test,core,320,427,PNG,RGBA,123379,2df406bb94399c6623cbdd476cea74cefac191b63ee7f46700bfbc92241b3a3e,1,4,0
img_2e1f0e12fefd2d8a93724064c4f7bf8ec779c0fe344b7fbb605dacc1827a263b,images/2e1f0e12fefd2d8a93724064c4f7bf8ec779c0fe344b7fbb605dacc1827a263b.png,mmfakebench,coco_text_edit,coco_text_edit,train,AI_GENERATED,1,medium-high,MMFB_COCO_CF_AI,sd512_counterfactual,coco,sd512_counterfactual,g003189,test,core,512,512,PNG,RGBA,339317,2e1f0e12fefd2d8a93724064c4f7bf8ec779c0fe344b7fbb605dacc1827a263b,1,5,1
img_2e7e9ea3fcfb6894cac9ab7d139f1a9ddfbea957ed083d9bf4f7735935164bac,images/2e7e9ea3fcfb6894cac9ab7d139f1a9ddfbea957ed083d9bf4f7735935164bac.png,mmfakebench,fever_AI,fever_AI,train,AI_GENERATED,1,high,MMFB_FEVER_AI,dalle3_style_1024,news,dalle3_style_1024,g003218,test,core,1024,1024,PNG,RGBA,1949065,2e7e9ea3fcfb6894cac9ab7d139f1a9ddfbea957ed083d9bf4f7735935164bac,1,5,1
img_2eef4d56088d8876de231ec0c4f4d2554cdd7d717431c09a8e915629fcab9ad1,images/2eef4d56088d8876de231ec0c4f4d2554cdd7d717431c09a8e915629fcab9ad1.jpg,NewsCLIPpings,,,train,REAL,0,high,NC_PAIRED_REAL,,news,nc_jpeg,g001193,test,core,426,256,JPEG,RGB,38219,2eef4d56088d8876de231ec0c4f4d2554cdd7d717431c09a8e915629fcab9ad1,1,4,0
img_2f3a2e83fad216c8394e9ec02aa84c93f1381bc858f074e075124d8e95d0e395,images/2f3a2e83fad216c8394e9ec02aa84c93f1381bc858f074e075124d8e95d0e395.png,mmfakebench,antifact_image_generation,antifact_image_generation,train,AI_GENERATED,1,high,MMFB_ANTIFACT_AI,midjourney_style_1024,news,midjourney_style_1024,g003272,test,core,1024,1024,PNG,RGB,1443245,2f3a2e83fad216c8394e9ec02aa84c93f1381bc858f074e075124d8e95d0e395,1,3,1
img_2f4d5bbd5653ba1bd1b0d1ccb9edb63a4a1af9cbc34436fff4fe4afb69975691,images/2f4d5bbd5653ba1bd1b0d1ccb9edb63a4a1af9cbc34436fff4fe4afb69975691.png,mmfakebench,antifact_image_generation,antifact_image_generation,train,AI_GENERATED,1,high,MMFB_ANTIFACT_AI,midjourney_style_1024,news,midjourney_style_1024,g003283,test,core,1024,1024,PNG,RGB,1851317,2f4d5bbd5653ba1bd1b0d1ccb9edb63a4a1af9cbc34436fff4fe4afb69975691,1,3,1
img_2f7fd10b531a3c930dd86b7bb11187d6d00fcec5d117996f61f34fbf01ac60ce,images/2f7fd10b531a3c930dd86b7bb11187d6d00fcec5d117996f61f34fbf01ac60ce.png,mmfakebench,antifact_image_generation,antifact_image_generation,train,AI_GENERATED,1,high,MMFB_ANTIFACT_AI,midjourney_style_1024,news,midjourney_style_1024,g003299,test,core,1024,1024,PNG,RGBA,1861027,2f7fd10b531a3c930dd86b7bb11187d6d00fcec5d117996f61f34fbf01ac60ce,1,3,1
img_2f889816de91a3ea8f4751379ae36fc87c66d75bfcb26ab5f4e258b9160da3a7,images/2f889816de91a3ea8f4751379ae36fc87c66d75bfcb26ab5f4e258b9160da3a7.jpg,NewsCLIPpings,,,train,REAL,0,high,NC_PAIRED_REAL,,news,nc_jpeg,g002352,test,core,976,549,JPEG,RGB,108637,2f889816de91a3ea8f4751379ae36fc87c66d75bfcb26ab5f4e258b9160da3a7,1,4,0
img_32e9f3dc64f51a598d70f98662f4e07f0b599ef20997d2120c7553eddab7c0f1,images/32e9f3dc64f51a598d70f98662f4e07f0b599ef20997d2120c7553eddab7c0f1.png,mmfakebench,politicat_match,politicat_match|rumor_match,train,REAL,0,high,MMFB_FAKE_TEXT_REAL_IMAGE,,news,mmfb_visualnews_png,g003511,test,core,346,256,PNG,RGBA,98165,32e9f3dc64f51a598d70f98662f4e07f0b599ef20997d2120c7553eddab7c0f1,2,2,0
img_33d27d6633849c07476c3ac168f503ad6496de06ecc4397c0ce75058e58c376c,images/33d27d6633849c07476c3ac168f503ad6496de06ecc4397c0ce75058e58c376c.png,mmfakebench,Fakeddit_photo_edit,Fakeddit_photo_edit,train,MANIPULATED,2,medium-high,MMFB_PHOTO_EDIT_MANIPULATED,,fakeddit,fakeddit_photo_edit,g003584,test,core,768,1024,PNG,RGBA,857617,33d27d6633849c07476c3ac168f503ad6496de06ecc4397c0ce75058e58c376c,1,3,1
img_33efc448461869466f4b44032f3b5bcee06d04f4543fb0e753a836b66a54973a,images/33efc448461869466f4b44032f3b5bcee06d04f4543fb0e753a836b66a54973a.png,mmfakebench,fever_AI,fever_AI,train,AI_GENERATED,1,high,MMFB_FEVER_AI,dalle3_style_1024,news,dalle3_style_1024,g003593,test,core,1024,1024,PNG,RGBA,1942311,33efc448461869466f4b44032f3b5bcee06d04f4543fb0e753a836b66a54973a,1,5,1
img_33f2fad0d7809f2c4741f5e4765a28321065c81605826cea0e50d90101b86b9c,images/33f2fad0d7809f2c4741f5e4765a28321065c81605826cea0e50d90101b86b9c.jpg,NewsCLIPpings,,,train,REAL,0,high,NC_PAIRED_REAL,,news,nc_jpeg,g001990,test,core,341,256,JPEG,RGB,34682,33f2fad0d7809f2c4741f5e4765a28321065c81605826cea0e50d90101b86b9c,1,4,0
img_34e860f69e44a629bc675d11549f4ce0fb0ae2fcb011ae662d97016c9fb93cd9,images/34e860f69e44a629bc675d11549f4ce0fb0ae2fcb011ae662d97016c9fb93cd9.png,mmfakebench,Fakeddit_photo_edit,Fakeddit_photo_edit,train,MANIPULATED,2,medium-high,MMFB_PHOTO_EDIT_MANIPULATED,,fakeddit,fakeddit_photo_edit,g003656,test,core,3032,1998,PNG,RGBA,11530672,34e860f69e44a629bc675d11549f4ce0fb0ae2fcb011ae662d97016c9fb93cd9,1,3,1
img_35a52ee8249e3b597249be704ff8e1a99f09db2e9f7405906f19d790e33ccb48,images/35a52ee8249e3b597249be704ff8e1a99f09db2e9f7405906f19d790e33ccb48.png,mmfakebench,chatgpt_match,chatgpt_match,train,REAL,0,high,MMFB_FAKE_TEXT_REAL_IMAGE,,news,mmfb_visualnews_png,g003717,test,core,426,256,PNG,RGBA,176339,35a52ee8249e3b597249be704ff8e1a99f09db2e9f7405906f19d790e33ccb48,1,2,0
img_35aca90df6fd9a77ac67bb4988b80eb129a91c54e253e6ea2911eac7b648ae21,images/35aca90df6fd9a77ac67bb4988b80eb129a91c54e253e6ea2911eac7b648ae21.png,mmfakebench,usa_today,usa_today,train,REAL,0,high,MMFB_GENUINE_REAL,,news,mmfb_visualnews_png,g003720,test,core,256,385,PNG,RGBA,204387,35aca90df6fd9a77ac67bb4988b80eb129a91c54e253e6ea2911eac7b648ae21,1,4,0
img_366eb29a5af01901a60b29bf1600af3a529409c4d9120972bda5be6c16463e93,images/366eb29a5af01901a60b29bf1600af3a529409c4d9120972bda5be6c16463e93.png,mmfakebench,DGM4_text_edit_senti,DGM4_text_edit_senti,train,REAL,0,high,MMFB_TEXT_EDIT_REAL_IMAGE,,news,mmfb_visualnews_png,g003776,test,core,426,256,PNG,RGBA,191586,366eb29a5af01901a60b29bf1600af3a529409c4d9120972bda5be6c16463e93,1,2,0
img_36c36b8393f902b95e5a6f4df167a65bdf26146aa7c64446fe8e8eb7da2e5ec2,images/36c36b8393f902b95e5a6f4df167a65bdf26146aa7c64446fe8e8eb7da2e5ec2.jpg,NewsCLIPpings,,,train,REAL,0,high,NC_PAIRED_REAL,,news,nc_jpeg,g000064,test,core,426,256,JPEG,RGB,43626,36c36b8393f902b95e5a6f4df167a65bdf26146aa7c64446fe8e8eb7da2e5ec2,1,4,0
img_377a15732aa594346433c9658b98e4bba9bbbc8ac990f7efb852df9d9fb07666,images/377a15732aa594346433c9658b98e4bba9bbbc8ac990f7efb852df9d9fb07666.png,mmfakebench,fakeddit,fakeddit,train,REAL,0,medium-high,MMFB_GENUINE_REAL,,fakeddit,mmfb_fakeddit_real,g003838,test,core,320,440,PNG,RGBA,167539,377a15732aa594346433c9658b98e4bba9bbbc8ac990f7efb852df9d9fb07666,1,4,0
img_37dd74de2898c56d21513258f89a02442e3079e38892a30a4c15963ed19fbc1b,images/37dd74de2898c56d21513258f89a02442e3079e38892a30a4c15963ed19fbc1b.jpg,NewsCLIPpings,,,train,REAL,0,high,NC_PAIRED_REAL,,news,nc_jpeg,g003863,test,core,426,256,JPEG,RGB,62493,37dd74de2898c56d21513258f89a02442e3079e38892a30a4c15963ed19fbc1b,1,4,0
img_380a8aabed913cdb05c961c75d18a196b4e7d7f51c2264c2d79e375f982acbda,images/380a8aabed913cdb05c961c75d18a196b4e7d7f51c2264c2d79e375f982acbda.jpg,NewsCLIPpings,,,train,REAL,0,high,NC_PAIRED_REAL,,news,nc_jpeg,g003872,test,core,426,256,JPEG,RGB,34572,380a8aabed913cdb05c961c75d18a196b4e7d7f51c2264c2d79e375f982acbda,1,1,0
img_38871c3bae84011a1535de4bf5b5440222b87f28ce91c88a9a2581518079c31e,images/38871c3bae84011a1535de4bf5b5440222b87f28ce91c88a9a2581518079c31e.png,mmfakebench,fever_AI,fever_AI,train,AI_GENERATED,1,high,MMFB_FEVER_AI,dalle3_style_1024,news,dalle3_style_1024,g003902,test,core,1024,1024,PNG,RGB,1803380,38871c3bae84011a1535de4bf5b5440222b87f28ce91c88a9a2581518079c31e,1,5,1
img_38decb136a6e4053277dd64e65af979c0f434eab7980bb59021d166c67ff9113,images/38decb136a6e4053277dd64e65af979c0f434eab7980bb59021d166c67ff9113.png,mmfakebench,Fakeddit_photo_edit,Fakeddit_photo_edit,train,MANIPULATED,2,medium-high,MMFB_PHOTO_EDIT_MANIPULATED,,fakeddit,fakeddit_photo_edit,g003926,test,core,1090,619,PNG,RGBA,1407443,38decb136a6e4053277dd64e65af979c0f434eab7980bb59021d166c67ff9113,1,3,1
img_38e9b50beeaaa633bf3d411db6be4de1ae9bbf3f8f8c11d3b0e97d689cedcbcd,images/38e9b50beeaaa633bf3d411db6be4de1ae9bbf3f8f8c11d3b0e97d689cedcbcd.png,mmfakebench,coco,coco,train,REAL,0,high,MMFB_GENUINE_REAL,,coco,mmfb_coco_real,g003932,test,core,375,500,PNG,RGBA,388015,38e9b50beeaaa633bf3d411db6be4de1ae9bbf3f8f8c11d3b0e97d689cedcbcd,1,4,0
img_3956585724a2b23520940b6141fd1a21f23431c1915f847ff962305168a62e2d,images/3956585724a2b23520940b6141fd1a21f23431c1915f847ff962305168a62e2d.png,mmfakebench,Fakeddit_photo_edit,Fakeddit_photo_edit,train,MANIPULATED,2,medium-high,MMFB_PHOTO_EDIT_MANIPULATED,,fakeddit,fakeddit_photo_edit,g003964,test,core,720,787,PNG,RGBA,505337,3956585724a2b23520940b6141fd1a21f23431c1915f847ff962305168a62e2d,1,3,1
img_3994384d22ee6393afcbad69c347a5582b545acc930d8ad0f586d3deb179d19f,images/3994384d22ee6393afcbad69c347a5582b545acc930d8ad0f586d3deb179d19f.png,mmfakebench,llm_gossip_md_generation,llm_gossip_md_generation,train,AI_GENERATED,1,high,MMFB_LLM_AI,llm_1024_mixed,news,llm_1024_mixed,g003983,test,core,1024,1024,PNG,RGB,1699654,3994384d22ee6393afcbad69c347a5582b545acc930d8ad0f586d3deb179d19f,1,5,1
img_39c20954e6c20acd0826896868594dfe8e6d5d2c1f94b2673390c1869765f3df,images/39c20954e6c20acd0826896868594dfe8e6d5d2c1f94b2673390c1869765f3df.png,mmfakebench,coco,coco,train,REAL,0,high,MMFB_GENUINE_REAL,,coco,mmfb_coco_real,g003998,test,core,375,500,PNG,RGBA,242649,39c20954e6c20acd0826896868594dfe8e6d5d2c1f94b2673390c1869765f3df,1,4,0
img_3a12c3d285d60daed8ec8726d119cddd96fe1ba81b79951afbdf14365dfea66f,images/3a12c3d285d60daed8ec8726d119cddd96fe1ba81b79951afbdf14365dfea66f.png,mmfakebench,antifact_image_generation,antifact_image_generation,train,AI_GENERATED,1,high,MMFB_ANTIFACT_AI,midjourney_style_1024,news,midjourney_style_1024,g004019,test,core,1024,1024,PNG,RGB,1482402,3a12c3d285d60daed8ec8726d119cddd96fe1ba81b79951afbdf14365dfea66f,1,3,1
img_3b1fc603ffa2a382d72be5957d4bc9bcf1d3580e2d57a7a548b63dfde8d2080c,images/3b1fc603ffa2a382d72be5957d4bc9bcf1d3580e2d57a7a548b63dfde8d2080c.png,mmfakebench,coco_text_edit,coco_text_edit,train,AI_GENERATED,1,medium-high,MMFB_COCO_CF_AI,sd512_counterfactual,coco,sd512_counterfactual,g004091,test,core,512,512,PNG,RGBA,444044,3b1fc603ffa2a382d72be5957d4bc9bcf1d3580e2d57a7a548b63dfde8d2080c,1,5,1
img_3b270e3effcbfdb0809dda3506f03a27824b7c7e8259eea54738602ab1d51665,images/3b270e3effcbfdb0809dda3506f03a27824b7c7e8259eea54738602ab1d51665.png,mmfakebench,coco,coco,train,REAL,0,high,MMFB_GENUINE_REAL,,coco,mmfb_coco_real,g004096,test,core,640,480,PNG,RGBA,460409,3b270e3effcbfdb0809dda3506f03a27824b7c7e8259eea54738602ab1d51665,1,4,0
img_3bd807a52f7a2d78df47b2ace3ec9871f0880930d8e433d1db02fe00369edea6,images/3bd807a52f7a2d78df47b2ace3ec9871f0880930d8e433d1db02fe00369edea6.png,mmfakebench,fever_AI,fever_AI,train,AI_GENERATED,1,high,MMFB_FEVER_AI,dalle3_style_1024,news,dalle3_style_1024,g004146,test,core,1024,1024,PNG,RGB,1218142,3bd807a52f7a2d78df47b2ace3ec9871f0880930d8e433d1db02fe00369edea6,1,5,1
img_3be76c3df9691d946fa463bfcf0802bde2659387f5b2cc2ea441b3aa73e63d09,images/3be76c3df9691d946fa463bfcf0802bde2659387f5b2cc2ea441b3aa73e63d09.png,mmfakebench,llm_rewrite,llm_rewrite,train,AI_GENERATED,1,high,MMFB_LLM_AI,llm_1024_mixed,news,llm_1024_mixed,g004149,test,core,1024,1024,PNG,RGBA,1629162,3be76c3df9691d946fa463bfcf0802bde2659387f5b2cc2ea441b3aa73e63d09,1,5,1
img_3c1b2234c710da7a5d0ecec3a8c467434f61a00946dbfb9ab0549fd1e0c10eef,images/3c1b2234c710da7a5d0ecec3a8c467434f61a00946dbfb9ab0549fd1e0c10eef.png,mmfakebench,bbc,bbc,train,REAL,0,high,MMFB_GENUINE_REAL,,news,mmfb_visualnews_png,g004166,test,core,464,261,PNG,RGBA,193961,3c1b2234c710da7a5d0ecec3a8c467434f61a00946dbfb9ab0549fd1e0c10eef,1,4,0
img_3c3283e1dc4a421d13053be35480256e85c9ef95e806ffd01c8de5eb6645a032,images/3c3283e1dc4a421d13053be35480256e85c9ef95e806ffd01c8de5eb6645a032.png,mmfakebench,fever_AI,fever_AI,train,AI_GENERATED,1,high,MMFB_FEVER_AI,dalle3_style_1024,news,dalle3_style_1024,g004174,test,core,1024,1024,PNG,RGBA,1939981,3c3283e1dc4a421d13053be35480256e85c9ef95e806ffd01c8de5eb6645a032,1,5,1
img_3cb416bc66fa47176ec0055e3a012535be505426aacdc4bf92eea95db5e3c4f0,images/3cb416bc66fa47176ec0055e3a012535be505426aacdc4bf92eea95db5e3c4f0.png,mmfakebench,usa_today,usa_today,train,REAL,0,high,MMFB_GENUINE_REAL,,news,mmfb_visualnews_png,g004206,test,core,366,256,PNG,RGBA,157293,3cb416bc66fa47176ec0055e3a012535be505426aacdc4bf92eea95db5e3c4f0,1,4,0
img_3dda320f163a58b7c8e8566138dbcbb4c4696c935a89bcfcc586e5ed50777ef6,images/3dda320f163a58b7c8e8566138dbcbb4c4696c935a89bcfcc586e5ed50777ef6.jpg,NewsCLIPpings,,,train,REAL,0,high,NC_PAIRED_REAL,,news,nc_jpeg,g004301,test,core,976,661,JPEG,RGB,461993,3dda320f163a58b7c8e8566138dbcbb4c4696c935a89bcfcc586e5ed50777ef6,1,4,0
img_3f73cc4231ada792ab31e2516a6ce448b2b6a9ad2aefa7b1e45cbd57944821d3,images/3f73cc4231ada792ab31e2516a6ce448b2b6a9ad2aefa7b1e45cbd57944821d3.png,mmfakebench,coco,coco,train,REAL,0,high,MMFB_GENUINE_REAL,,coco,mmfb_coco_real,g004392,test,core,425,640,PNG,RGBA,434567,3f73cc4231ada792ab31e2516a6ce448b2b6a9ad2aefa7b1e45cbd57944821d3,1,4,0
img_3ff5662b5157f0acfbb4fa43e0bfb43a3eeb701c536e4232ee9d9d73a0965f10,images/3ff5662b5157f0acfbb4fa43e0bfb43a3eeb701c536e4232ee9d9d73a0965f10.png,mmfakebench,fakeddit,fakeddit,train,REAL,0,medium-high,MMFB_GENUINE_REAL,,fakeddit,mmfb_fakeddit_real,g004432,test,core,320,240,PNG,RGBA,59399,3ff5662b5157f0acfbb4fa43e0bfb43a3eeb701c536e4232ee9d9d73a0965f10,1,4,0
img_40c3aa3896ed679e243adef671ab987389cb1d9512c37570611e3fa3510e22c7,images/40c3aa3896ed679e243adef671ab987389cb1d9512c37570611e3fa3510e22c7.jpg,NewsCLIPpings,,,train,REAL,0,high,NC_PAIRED_REAL,,news,nc_jpeg,g004487,test,core,426,256,JPEG,RGB,37209,40c3aa3896ed679e243adef671ab987389cb1d9512c37570611e3fa3510e22c7,1,4,0
img_415a1667d1cd4879cd08c3f6673fff5d8ec83e4361cc9c2bb3d812c6de96d333,images/415a1667d1cd4879cd08c3f6673fff5d8ec83e4361cc9c2bb3d812c6de96d333.png,mmfakebench,Fakeddit_photo_edit,Fakeddit_photo_edit,train,MANIPULATED,2,medium-high,MMFB_PHOTO_EDIT_MANIPULATED,,fakeddit,fakeddit_photo_edit,g004531,test,core,565,765,PNG,RGBA,648410,415a1667d1cd4879cd08c3f6673fff5d8ec83e4361cc9c2bb3d812c6de96d333,1,3,1
img_418242f971e64cd15042f020b89a4354185aae9c9135c9e2518dd5ebba566e69,images/418242f971e64cd15042f020b89a4354185aae9c9135c9e2518dd5ebba566e69.png,mmfakebench,Newsclipings_scene,Newsclipings_scene,train,REAL,0,high,MMFB_OOC_REAL,,news,mmfb_visualnews_png,g004544,test,core,384,256,PNG,RGBA,167286,418242f971e64cd15042f020b89a4354185aae9c9135c9e2518dd5ebba566e69,1,1,0
img_41d19b8e9d37bb7fde28c9bac55efd49d0642b998f98aa71340b4f3fee13e0db,images/41d19b8e9d37bb7fde28c9bac55efd49d0642b998f98aa71340b4f3fee13e0db.png,mmfakebench,fever_AI,fever_AI,train,AI_GENERATED,1,high,MMFB_FEVER_AI,dalle3_style_1024,news,dalle3_style_1024,g004570,test,core,1024,1024,PNG,RGB,1764838,41d19b8e9d37bb7fde28c9bac55efd49d0642b998f98aa71340b4f3fee13e0db,1,5,1
img_41f2d8a90f8312c2c9e897a19e3cba50093524aaae375049b65b2ea9dbddea9f,images/41f2d8a90f8312c2c9e897a19e3cba50093524aaae375049b65b2ea9dbddea9f.jpg,NewsCLIPpings,,,train,REAL,0,high,NC_PAIRED_REAL,,news,nc_jpeg,g004582,test,core,330,256,JPEG,RGB,20290,41f2d8a90f8312c2c9e897a19e3cba50093524aaae375049b65b2ea9dbddea9f,1,4,0
img_43079521485e5a58c8a96ed563c2afacbf793e321dc6686ee7aedad4e8d80451,images/43079521485e5a58c8a96ed563c2afacbf793e321dc6686ee7aedad4e8d80451.png,mmfakebench,fever_AI,fever_AI,train,AI_GENERATED,1,high,MMFB_FEVER_AI,dalle3_style_1024,news,dalle3_style_1024,g004659,test,core,1024,1024,PNG,RGBA,1142465,43079521485e5a58c8a96ed563c2afacbf793e321dc6686ee7aedad4e8d80451,1,5,1
img_43c577b3bff8eb6b3762b6d48b816ea3fdc680bfa9031094e9d1de747d42887a,images/43c577b3bff8eb6b3762b6d48b816ea3fdc680bfa9031094e9d1de747d42887a.png,mmfakebench,coco,coco,train,REAL,0,high,MMFB_GENUINE_REAL,,coco,mmfb_coco_real,g004703,test,core,640,359,PNG,RGBA,413168,43c577b3bff8eb6b3762b6d48b816ea3fdc680bfa9031094e9d1de747d42887a,1,4,0
img_43f6cb6a4e0134e9f219ca6c726f9f75fdd9da9b17c0981b1898c04580b44ee0,images/43f6cb6a4e0134e9f219ca6c726f9f75fdd9da9b17c0981b1898c04580b44ee0.png,mmfakebench,coco_text_edit,coco_text_edit,train,AI_GENERATED,1,medium-high,MMFB_COCO_CF_AI,sd512_counterfactual,coco,sd512_counterfactual,g004717,test,core,512,512,PNG,RGBA,322170,43f6cb6a4e0134e9f219ca6c726f9f75fdd9da9b17c0981b1898c04580b44ee0,1,5,1
img_43f802b82033bcd28c462ff473fde8eb04e6093546ae70290647f295b6f8e099,images/43f802b82033bcd28c462ff473fde8eb04e6093546ae70290647f295b6f8e099.png,mmfakebench,antifact_image_generation,antifact_image_generation,train,AI_GENERATED,1,high,MMFB_ANTIFACT_AI,midjourney_style_1024,news,midjourney_style_1024,g004718,test,core,1024,1024,PNG,RGB,1871261,43f802b82033bcd28c462ff473fde8eb04e6093546ae70290647f295b6f8e099,1,3,1
img_44176370f26b65476099f4b1e926917ba5ed577df9f67eb368e3275183c2984a,images/44176370f26b65476099f4b1e926917ba5ed577df9f67eb368e3275183c2984a.png,mmfakebench,fakeddit,fakeddit,train,REAL,0,medium-high,MMFB_GENUINE_REAL,,fakeddit,mmfb_fakeddit_real,g004725,test,core,320,569,PNG,RGBA,270154,44176370f26b65476099f4b1e926917ba5ed577df9f67eb368e3275183c2984a,1,4,0
img_4565eac1e89433052d59c51ecaa712a087619176b97af2305d2bdef00ce35fba,images/4565eac1e89433052d59c51ecaa712a087619176b97af2305d2bdef00ce35fba.png,mmfakebench,fever_AI,fever_AI,train,AI_GENERATED,1,high,MMFB_FEVER_AI,dalle3_style_1024,news,dalle3_style_1024,g004816,test,core,1024,1024,PNG,RGB,1874704,4565eac1e89433052d59c51ecaa712a087619176b97af2305d2bdef00ce35fba,1,5,1
img_45d28d7c3c59b36f6044e87d917356960c86fbe04d1a062125f67aa303be6beb,images/45d28d7c3c59b36f6044e87d917356960c86fbe04d1a062125f67aa303be6beb.png,mmfakebench,Fakeddit_photo_edit,Fakeddit_photo_edit,train,MANIPULATED,2,medium-high,MMFB_PHOTO_EDIT_MANIPULATED,,fakeddit,fakeddit_photo_edit,g004840,test,core,1280,720,PNG,RGBA,473412,45d28d7c3c59b36f6044e87d917356960c86fbe04d1a062125f67aa303be6beb,1,3,1
img_46254cdc41fe7c9c20de70e7785160c799a67ce411ae679f1508c553300dbb11,images/46254cdc41fe7c9c20de70e7785160c799a67ce411ae679f1508c553300dbb11.jpg,NewsCLIPpings,,,train,REAL,0,high,NC_PAIRED_REAL,,news,nc_jpeg,g004862,test,core,256,313,JPEG,RGB,20659,46254cdc41fe7c9c20de70e7785160c799a67ce411ae679f1508c553300dbb11,1,1,0
img_468170c550a00b8fd77571bda95ef6e5dcfa6fd19ded86aea8af8aa5a720a8d0,images/468170c550a00b8fd77571bda95ef6e5dcfa6fd19ded86aea8af8aa5a720a8d0.png,mmfakebench,antifact_image_generation,antifact_image_generation,train,AI_GENERATED,1,high,MMFB_ANTIFACT_AI,midjourney_style_1024,news,midjourney_style_1024,g004888,test,core,1024,1024,PNG,RGB,1433200,468170c550a00b8fd77571bda95ef6e5dcfa6fd19ded86aea8af8aa5a720a8d0,1,3,1
img_46b49f2c2da794d0d7572bc2b5301b223d2a30e58efcb76606f20debc1b3590a,images/46b49f2c2da794d0d7572bc2b5301b223d2a30e58efcb76606f20debc1b3590a.png,mmfakebench,coco,coco,train,REAL,0,high,MMFB_GENUINE_REAL,,coco,mmfb_coco_real,g004908,test,core,480,640,PNG,RGBA,343052,46b49f2c2da794d0d7572bc2b5301b223d2a30e58efcb76606f20debc1b3590a,1,4,0
img_4755a6202cfb8cbe212989e6bfb16b3e003885d6795515c8807e2061bdfd6c4a,images/4755a6202cfb8cbe212989e6bfb16b3e003885d6795515c8807e2061bdfd6c4a.jpg,newsclippings,bbc,bbc,train,REAL,0,high,NC_SUPPLEMENT_REAL,,news,nc_jpeg,g004961,test,core,624,351,JPEG,RGB,23742,4755a6202cfb8cbe212989e6bfb16b3e003885d6795515c8807e2061bdfd6c4a,1,4,0
img_4798d9479501174e6e631b4bf59d23db8dee5bc13d155ebdd08a6d0ef6fdb674,images/4798d9479501174e6e631b4bf59d23db8dee5bc13d155ebdd08a6d0ef6fdb674.png,mmfakebench,Fakeddit_photo_edit,Fakeddit_photo_edit,train,MANIPULATED,2,medium-high,MMFB_PHOTO_EDIT_MANIPULATED,,fakeddit,fakeddit_photo_edit,g004973,test,core,1024,768,PNG,RGBA,833918,4798d9479501174e6e631b4bf59d23db8dee5bc13d155ebdd08a6d0ef6fdb674,1,3,1
img_47f2649e34cfa577f1f83e25ab596a2fe2710e232a7d81b358b72f1c5d832d57,images/47f2649e34cfa577f1f83e25ab596a2fe2710e232a7d81b358b72f1c5d832d57.png,mmfakebench,fakeddit,fakeddit,train,REAL,0,medium-high,MMFB_GENUINE_REAL,,fakeddit,mmfb_fakeddit_real,g004998,test,core,320,240,PNG,RGBA,100941,47f2649e34cfa577f1f83e25ab596a2fe2710e232a7d81b358b72f1c5d832d57,1,4,0
img_484bcbe5b27d8e3c74061b1cbd60b654abb2cd7bec188fa5730ceb4340195c3b,images/484bcbe5b27d8e3c74061b1cbd60b654abb2cd7bec188fa5730ceb4340195c3b.png,mmfakebench,coco_text_edit,coco_text_edit,train,AI_GENERATED,1,medium-high,MMFB_COCO_CF_AI,sd512_counterfactual,coco,sd512_counterfactual,g005024,test,core,512,512,PNG,RGBA,422145,484bcbe5b27d8e3c74061b1cbd60b654abb2cd7bec188fa5730ceb4340195c3b,1,5,1
img_48f1e55dbc799afb3fde1c6a4ea06c9fc77927278c2a0e19ccd7a5733893d144,images/48f1e55dbc799afb3fde1c6a4ea06c9fc77927278c2a0e19ccd7a5733893d144.png,mmfakebench,fakeddit,fakeddit,train,REAL,0,medium-high,MMFB_GENUINE_REAL,,fakeddit,mmfb_fakeddit_real,g005080,test,core,320,240,PNG,RGBA,190156,48f1e55dbc799afb3fde1c6a4ea06c9fc77927278c2a0e19ccd7a5733893d144,1,4,0
img_492c40c246ba916fea7b58e251deb98d365f02101c3c45ee38512d03e18ec50b,images/492c40c246ba916fea7b58e251deb98d365f02101c3c45ee38512d03e18ec50b.jpg,NewsCLIPpings,,,train,REAL,0,high,NC_PAIRED_REAL,,news,nc_jpeg,g005093,test,core,976,549,JPEG,RGB,66236,492c40c246ba916fea7b58e251deb98d365f02101c3c45ee38512d03e18ec50b,1,4,0
img_49835c0f38421cc529fec3a36c9d8f4131e12b6e8a46464a07fdc156fe4745bd,images/49835c0f38421cc529fec3a36c9d8f4131e12b6e8a46464a07fdc156fe4745bd.png,mmfakebench,Fakeddit_photo_edit,Fakeddit_photo_edit,train,MANIPULATED,2,medium-high,MMFB_PHOTO_EDIT_MANIPULATED,,fakeddit,fakeddit_photo_edit,g005111,test,core,2454,1590,PNG,RGBA,5388699,49835c0f38421cc529fec3a36c9d8f4131e12b6e8a46464a07fdc156fe4745bd,1,3,1
img_4adb9131529b010ae67c73309db135589ea58c5bf2405943686471ffa20a7b02,images/4adb9131529b010ae67c73309db135589ea58c5bf2405943686471ffa20a7b02.png,mmfakebench,Fakeddit_photo_edit,Fakeddit_photo_edit,train,MANIPULATED,2,medium-high,MMFB_PHOTO_EDIT_MANIPULATED,,fakeddit,fakeddit_photo_edit,g005202,test,core,800,800,PNG,RGBA,1163100,4adb9131529b010ae67c73309db135589ea58c5bf2405943686471ffa20a7b02,1,3,1
img_4ae85f1c7448ac34f4062c8706cf3b83fe8a5c480360e10ebf3faa42636440ad,images/4ae85f1c7448ac34f4062c8706cf3b83fe8a5c480360e10ebf3faa42636440ad.png,mmfakebench,gossipcop_midjourney,gossipcop_midjourney,train,AI_GENERATED,1,high,MMFB_MIDJOURNEY_AI,midjourney_v6_named_1024,news,midjourney_v6_named_1024,g005206,test,core,1024,1024,PNG,RGB,1862820,4ae85f1c7448ac34f4062c8706cf3b83fe8a5c480360e10ebf3faa42636440ad,1,5,1
img_4b5c79217c5bc06f1c413a02f8aad35ddcfc886b3be4656aa96b0a6d00e62463,images/4b5c79217c5bc06f1c413a02f8aad35ddcfc886b3be4656aa96b0a6d00e62463.jpg,NewsCLIPpings,,,train,REAL,0,high,NC_PAIRED_REAL,,news,nc_jpeg,g005237,test,core,426,256,JPEG,RGB,42422,4b5c79217c5bc06f1c413a02f8aad35ddcfc886b3be4656aa96b0a6d00e62463,1,1,0
img_4b60c337f3ac5a807a90ce748d90576d9efc83e7fa19d837c6eeddbd45e8a6f9,images/4b60c337f3ac5a807a90ce748d90576d9efc83e7fa19d837c6eeddbd45e8a6f9.png,mmfakebench,fever_AI,fever_AI,train,AI_GENERATED,1,high,MMFB_FEVER_AI,dalle3_style_1024,news,dalle3_style_1024,g005240,test,core,1024,1024,PNG,RGB,1324682,4b60c337f3ac5a807a90ce748d90576d9efc83e7fa19d837c6eeddbd45e8a6f9,1,5,1
img_4bedc6b322e06d038cafb98b7d7d30f674c24a6e960ba86fe9a69b7cb7eba3c1,images/4bedc6b322e06d038cafb98b7d7d30f674c24a6e960ba86fe9a69b7cb7eba3c1.png,mmfakebench,coco_text_edit,coco_text_edit,train,AI_GENERATED,1,medium-high,MMFB_COCO_CF_AI,sd512_counterfactual,coco,sd512_counterfactual,g005279,test,core,512,512,PNG,RGBA,228551,4bedc6b322e06d038cafb98b7d7d30f674c24a6e960ba86fe9a69b7cb7eba3c1,1,5,1
img_4c852d6581d6624e34b878488125933193e2a21d1656915097da69a7938064fe,images/4c852d6581d6624e34b878488125933193e2a21d1656915097da69a7938064fe.png,mmfakebench,llm_rewrite,llm_rewrite,train,AI_GENERATED,1,high,MMFB_LLM_AI,llm_1024_mixed,news,llm_1024_mixed,g005324,test,core,1024,1024,PNG,RGBA,2016924,4c852d6581d6624e34b878488125933193e2a21d1656915097da69a7938064fe,1,5,1
img_4e431fe79dee33c084de53aa67dcaf056b116a780f099279a69f70f33c919712,images/4e431fe79dee33c084de53aa67dcaf056b116a780f099279a69f70f33c919712.jpg,NewsCLIPpings,,,train,REAL,0,high,NC_PAIRED_REAL,,news,nc_jpeg,g005442,test,core,426,256,JPEG,RGB,29479,4e431fe79dee33c084de53aa67dcaf056b116a780f099279a69f70f33c919712,1,1,0
img_4f18076096c97db1b8032406e76135c710eb34d184be959a1f319a23502f5367,images/4f18076096c97db1b8032406e76135c710eb34d184be959a1f319a23502f5367.jpg,NewsCLIPpings,,,train,REAL,0,high,NC_PAIRED_REAL,,news,nc_jpeg,g005508,test,core,426,256,JPEG,RGB,36126,4f18076096c97db1b8032406e76135c710eb34d184be959a1f319a23502f5367,1,1,0
img_4f4ac86c6a2e484ce9f78daf864650dcf45e3c428253386a9b4679893283b60f,images/4f4ac86c6a2e484ce9f78daf864650dcf45e3c428253386a9b4679893283b60f.png,mmfakebench,antifact_image_generation,antifact_image_generation,train,AI_GENERATED,1,high,MMFB_ANTIFACT_AI,midjourney_style_1024,news,midjourney_style_1024,g005526,test,core,1024,1024,PNG,RGB,1861146,4f4ac86c6a2e484ce9f78daf864650dcf45e3c428253386a9b4679893283b60f,1,3,1
img_4fbf1e411dc3ef932f5c39b6608cae7b4cede45d94719c54c51943f00c9be802,images/4fbf1e411dc3ef932f5c39b6608cae7b4cede45d94719c54c51943f00c9be802.png,mmfakebench,coco,coco,train,REAL,0,high,MMFB_GENUINE_REAL,,coco,mmfb_coco_real,g005559,test,core,640,480,PNG,RGBA,319027,4fbf1e411dc3ef932f5c39b6608cae7b4cede45d94719c54c51943f00c9be802,1,4,0
img_505cd356f1e565641e52068e1ecb4d72881d75ea7787d3d1cb7cede084aa5fa8,images/505cd356f1e565641e52068e1ecb4d72881d75ea7787d3d1cb7cede084aa5fa8.png,mmfakebench,coco,coco,train,REAL,0,high,MMFB_GENUINE_REAL,,coco,mmfb_coco_real,g005604,test,core,427,640,PNG,RGBA,415545,505cd356f1e565641e52068e1ecb4d72881d75ea7787d3d1cb7cede084aa5fa8,1,4,0
img_51224a0b0b0efe9f60b6dbc3fe710a58913f447c75f612b1263c2ccae299153c,images/51224a0b0b0efe9f60b6dbc3fe710a58913f447c75f612b1263c2ccae299153c.png,mmfakebench,gossipcop_midjourney,gossipcop_midjourney,train,AI_GENERATED,1,high,MMFB_MIDJOURNEY_AI,midjourney_v6_named_1024,news,midjourney_v6_named_1024,g005667,test,core,1024,1024,PNG,RGB,2169106,51224a0b0b0efe9f60b6dbc3fe710a58913f447c75f612b1263c2ccae299153c,1,5,1
img_51c0eb5afa06d6dc53d639e94bc738d68459453e274f13751afb74d803a7f41a,images/51c0eb5afa06d6dc53d639e94bc738d68459453e274f13751afb74d803a7f41a.png,mmfakebench,antifact_image_generation,antifact_image_generation,train,AI_GENERATED,1,high,MMFB_ANTIFACT_AI,midjourney_style_1024,news,midjourney_style_1024,g005706,test,core,1024,1024,PNG,RGBA,1932175,51c0eb5afa06d6dc53d639e94bc738d68459453e274f13751afb74d803a7f41a,1,3,1
img_5249e02295536ca7da3c92b217673c0662c897fc2bfe08d8888e07a24d92d7bc,images/5249e02295536ca7da3c92b217673c0662c897fc2bfe08d8888e07a24d92d7bc.jpg,NewsCLIPpings,,,train,REAL,0,high,NC_PAIRED_REAL,,news,nc_jpeg,g003412,test,core,426,256,JPEG,RGB,40535,5249e02295536ca7da3c92b217673c0662c897fc2bfe08d8888e07a24d92d7bc,1,1,0
img_528701e30e2a42685d1d8e4f2bd4cfab55aca5c104b0d5fdf4157513180699e6,images/528701e30e2a42685d1d8e4f2bd4cfab55aca5c104b0d5fdf4157513180699e6.png,mmfakebench,coco,coco,train,REAL,0,high,MMFB_GENUINE_REAL,,coco,mmfb_coco_real,g005762,test,core,640,368,PNG,RGBA,136168,528701e30e2a42685d1d8e4f2bd4cfab55aca5c104b0d5fdf4157513180699e6,1,4,0
img_52cb9ea9098b02a722006099c56317102f5ad25c85282f628c1d4c13f5c31e48,images/52cb9ea9098b02a722006099c56317102f5ad25c85282f628c1d4c13f5c31e48.png,mmfakebench,coco_text_edit,coco_text_edit,train,AI_GENERATED,1,medium-high,MMFB_COCO_CF_AI,sd512_counterfactual,coco,sd512_counterfactual,g005786,test,core,512,512,PNG,RGBA,513676,52cb9ea9098b02a722006099c56317102f5ad25c85282f628c1d4c13f5c31e48,1,5,1
img_5430431c8e8112a9a2c2e59bf77b7e49dc62f07e4d800792712012d9f6a42f62,images/5430431c8e8112a9a2c2e59bf77b7e49dc62f07e4d800792712012d9f6a42f62.png,mmfakebench,coco,coco,train,REAL,0,high,MMFB_GENUINE_REAL,,coco,mmfb_coco_real,g005900,test,core,640,426,PNG,RGBA,215146,5430431c8e8112a9a2c2e59bf77b7e49dc62f07e4d800792712012d9f6a42f62,1,4,0
img_5472c6eec5364e64b450c5442382a20f1a488cfc77a2c6577a0dfd1c5f1621c2,images/5472c6eec5364e64b450c5442382a20f1a488cfc77a2c6577a0dfd1c5f1621c2.png,mmfakebench,fever_AI,fever_AI,train,AI_GENERATED,1,high,MMFB_FEVER_AI,dalle3_style_1024,news,dalle3_style_1024,g005918,test,core,1024,1024,PNG,RGBA,2133944,5472c6eec5364e64b450c5442382a20f1a488cfc77a2c6577a0dfd1c5f1621c2,1,5,1
img_54c30d5f850c832ff90587d2178eb03c3dfc06f35775e9780cbbaec146863c5f,images/54c30d5f850c832ff90587d2178eb03c3dfc06f35775e9780cbbaec146863c5f.png,mmfakebench,antifact_image_generation,antifact_image_generation,train,AI_GENERATED,1,high,MMFB_ANTIFACT_AI,midjourney_style_1024,news,midjourney_style_1024,g005937,test,core,1024,1024,PNG,RGBA,1991144,54c30d5f850c832ff90587d2178eb03c3dfc06f35775e9780cbbaec146863c5f,1,3,1
img_5594ca5d9a99b030f09433f2f505402326eab72ec9741690bb93fb27ce43c166,images/5594ca5d9a99b030f09433f2f505402326eab72ec9741690bb93fb27ce43c166.png,mmfakebench,Fakeddit_photo_edit,Fakeddit_photo_edit,train,MANIPULATED,2,medium-high,MMFB_PHOTO_EDIT_MANIPULATED,,fakeddit,fakeddit_photo_edit,g005981,test,core,512,800,PNG,RGBA,971814,5594ca5d9a99b030f09433f2f505402326eab72ec9741690bb93fb27ce43c166,1,3,1
img_5635483a18a9cbb7b24f55b966f04ace25023e95af406a12340e26a9b027da88,images/5635483a18a9cbb7b24f55b966f04ace25023e95af406a12340e26a9b027da88.png,mmfakebench,wash,wash,train,REAL,0,high,MMFB_GENUINE_REAL,,news,mmfb_visualnews_png,g006012,test,core,256,434,PNG,RGBA,123257,5635483a18a9cbb7b24f55b966f04ace25023e95af406a12340e26a9b027da88,1,4,0
img_56be943b49c1b25dba07b6677591f070edfc1663087715f0d97b206c3454eeaa,images/56be943b49c1b25dba07b6677591f070edfc1663087715f0d97b206c3454eeaa.png,mmfakebench,fever_AI,fever_AI,train,AI_GENERATED,1,high,MMFB_FEVER_AI,dalle3_style_1024,news,dalle3_style_1024,g006058,test,core,1024,1024,PNG,RGBA,1813715,56be943b49c1b25dba07b6677591f070edfc1663087715f0d97b206c3454eeaa,1,5,1
img_574318d118fd3677e5a04944d6ff9eabc7d2619a0b64900cb1b0d295dc67d830,images/574318d118fd3677e5a04944d6ff9eabc7d2619a0b64900cb1b0d295dc67d830.png,mmfakebench,fever_AI,fever_AI,train,AI_GENERATED,1,high,MMFB_FEVER_AI,dalle3_style_1024,news,dalle3_style_1024,g006094,test,core,1024,1024,PNG,RGBA,1832689,574318d118fd3677e5a04944d6ff9eabc7d2619a0b64900cb1b0d295dc67d830,1,5,1
img_578fba67a534887b15312864f491ddcffdc104d574a16f73e5ddfa1ac51a9d9b,images/578fba67a534887b15312864f491ddcffdc104d574a16f73e5ddfa1ac51a9d9b.png,mmfakebench,llm_rewrite,llm_rewrite,train,AI_GENERATED,1,high,MMFB_LLM_AI,llm_1024_mixed,news,llm_1024_mixed,g006115,test,core,1024,1024,PNG,RGB,1871256,578fba67a534887b15312864f491ddcffdc104d574a16f73e5ddfa1ac51a9d9b,1,5,1
img_57c9d3c97bdc296c1c9affd0a8e0f0fe2646815f34db36ea2187ea0508971a38,images/57c9d3c97bdc296c1c9affd0a8e0f0fe2646815f34db36ea2187ea0508971a38.png,mmfakebench,fakeddit,fakeddit,train,REAL,0,medium-high,MMFB_GENUINE_REAL,,fakeddit,mmfb_fakeddit_real,g006133,test,core,320,240,PNG,RGBA,69028,57c9d3c97bdc296c1c9affd0a8e0f0fe2646815f34db36ea2187ea0508971a38,1,4,0
img_581ff13823272c5e7f85cc5eaac6d3ed07abd5b894f9f9adf68d82a12afe01af,images/581ff13823272c5e7f85cc5eaac6d3ed07abd5b894f9f9adf68d82a12afe01af.png,mmfakebench,fever_AI,fever_AI,train,AI_GENERATED,1,high,MMFB_FEVER_AI,dalle3_style_1024,news,dalle3_style_1024,g006158,test,core,1024,1024,PNG,RGBA,2369637,581ff13823272c5e7f85cc5eaac6d3ed07abd5b894f9f9adf68d82a12afe01af,1,5,1
img_587da52b101f3eedccf335d556717cd1b2fc2adbe915992d5486fef22511aca2,images/587da52b101f3eedccf335d556717cd1b2fc2adbe915992d5486fef22511aca2.png,mmfakebench,fever_AI,fever_AI,train,AI_GENERATED,1,high,MMFB_FEVER_AI,dalle3_style_1024,news,dalle3_style_1024,g006187,test,core,1024,1024,PNG,RGBA,1798109,587da52b101f3eedccf335d556717cd1b2fc2adbe915992d5486fef22511aca2,1,5,1
img_58c62edcdfbe63a092260bed2556a6534e8dce4bb05e95d6f3ee2728bbc7bb5f,images/58c62edcdfbe63a092260bed2556a6534e8dce4bb05e95d6f3ee2728bbc7bb5f.jpg,NewsCLIPpings,,,train,REAL,0,high,NC_PAIRED_REAL,,news,nc_jpeg,g006206,test,core,286,256,JPEG,RGB,21103,58c62edcdfbe63a092260bed2556a6534e8dce4bb05e95d6f3ee2728bbc7bb5f,1,4,0
img_592f86d6e3254c2ee7dd6416a05bd88c3e8aa8fe7c6467c819c944c703681c4d,images/592f86d6e3254c2ee7dd6416a05bd88c3e8aa8fe7c6467c819c944c703681c4d.png,mmfakebench,llm_rewrite,llm_rewrite,train,AI_GENERATED,1,high,MMFB_LLM_AI,llm_1024_mixed,news,llm_1024_mixed,g006241,test,core,1024,1024,PNG,RGB,2054277,592f86d6e3254c2ee7dd6416a05bd88c3e8aa8fe7c6467c819c944c703681c4d,1,5,1
img_593b610bb2ebb55b1e67d42a3a3a5a58e807362478cbb522a400049770a941db,images/593b610bb2ebb55b1e67d42a3a3a5a58e807362478cbb522a400049770a941db.png,mmfakebench,usa_today,usa_today,train,REAL,0,high,MMFB_GENUINE_REAL,,news,mmfb_visualnews_png,g006245,test,core,428,256,PNG,RGBA,159823,593b610bb2ebb55b1e67d42a3a3a5a58e807362478cbb522a400049770a941db,1,4,0
img_597b1d36278d9fa66670bb2d9a57a9c3915e8934965184e338a0fa1901d98a27,images/597b1d36278d9fa66670bb2d9a57a9c3915e8934965184e338a0fa1901d98a27.png,mmfakebench,antifact_image_generation,antifact_image_generation,train,AI_GENERATED,1,high,MMFB_ANTIFACT_AI,midjourney_style_1024,news,midjourney_style_1024,g006264,test,core,1024,1024,PNG,RGBA,1812841,597b1d36278d9fa66670bb2d9a57a9c3915e8934965184e338a0fa1901d98a27,1,3,1
img_598c48ea2c66dccba95fd7c91265a703214c4d874bf9228db37003b0909aa2a2,images/598c48ea2c66dccba95fd7c91265a703214c4d874bf9228db37003b0909aa2a2.png,mmfakebench,fever_AI,fever_AI,train,AI_GENERATED,1,high,MMFB_FEVER_AI,dalle3_style_1024,news,dalle3_style_1024,g006271,test,core,1024,1024,PNG,RGB,2104303,598c48ea2c66dccba95fd7c91265a703214c4d874bf9228db37003b0909aa2a2,1,5,1
img_59b35dad8c0759c62cbd9b40c7d31dbd7528bbb5c58ab063698d9a796f2330c5,images/59b35dad8c0759c62cbd9b40c7d31dbd7528bbb5c58ab063698d9a796f2330c5.png,mmfakebench,Fakeddit_photo_edit,Fakeddit_photo_edit,train,MANIPULATED,2,medium-high,MMFB_PHOTO_EDIT_MANIPULATED,,fakeddit,fakeddit_photo_edit,g006285,test,core,960,720,PNG,RGBA,1058714,59b35dad8c0759c62cbd9b40c7d31dbd7528bbb5c58ab063698d9a796f2330c5,1,3,1
img_59e050847253f7cf317f145ba0ac7ee0e8af54aaa0f2e1d427e68af88fc88755,images/59e050847253f7cf317f145ba0ac7ee0e8af54aaa0f2e1d427e68af88fc88755.png,mmfakebench,bbc,bbc,train,REAL,0,high,MMFB_GENUINE_REAL,,news,mmfb_visualnews_png,g006297,test,core,624,351,PNG,RGBA,237646,59e050847253f7cf317f145ba0ac7ee0e8af54aaa0f2e1d427e68af88fc88755,1,4,0
img_5a3439656bcfcc8465f87d81ab6ab8c98177e72af5d8b7cab50f0e77155d5f75,images/5a3439656bcfcc8465f87d81ab6ab8c98177e72af5d8b7cab50f0e77155d5f75.png,mmfakebench,bbc,bbc,train,REAL,0,high,MMFB_GENUINE_REAL,,news,mmfb_visualnews_png,g006312,test,core,976,549,PNG,RGBA,1255266,5a3439656bcfcc8465f87d81ab6ab8c98177e72af5d8b7cab50f0e77155d5f75,1,4,0
img_5a3ad7104c844165a7314cd593e7281f657e2fa69dc1b234e88b0b0d1f7eebcb,images/5a3ad7104c844165a7314cd593e7281f657e2fa69dc1b234e88b0b0d1f7eebcb.png,mmfakebench,fakeddit,fakeddit,train,REAL,0,medium-high,MMFB_GENUINE_REAL,,fakeddit,mmfb_fakeddit_real,g006313,test,core,320,569,PNG,RGBA,260311,5a3ad7104c844165a7314cd593e7281f657e2fa69dc1b234e88b0b0d1f7eebcb,1,4,0
img_5af0638c6a8a6b339cbffdefd46be986ebdf5d68765d9d7e2d07507c9139a6e2,images/5af0638c6a8a6b339cbffdefd46be986ebdf5d68765d9d7e2d07507c9139a6e2.png,mmfakebench,antifact_image_generation,antifact_image_generation,train,AI_GENERATED,1,high,MMFB_ANTIFACT_AI,midjourney_style_1024,news,midjourney_style_1024,g006363,test,core,1024,1024,PNG,RGB,1512439,5af0638c6a8a6b339cbffdefd46be986ebdf5d68765d9d7e2d07507c9139a6e2,1,3,1
img_5d119cdc0cfea7e334af6760bf0b3f51d17baa5d5073124b74a18e4f8c4e7063,images/5d119cdc0cfea7e334af6760bf0b3f51d17baa5d5073124b74a18e4f8c4e7063.png,mmfakebench,antifact_image_generation,antifact_image_generation,train,AI_GENERATED,1,high,MMFB_ANTIFACT_AI,midjourney_style_1024,news,midjourney_style_1024,g006513,test,core,1024,1024,PNG,RGBA,1835375,5d119cdc0cfea7e334af6760bf0b3f51d17baa5d5073124b74a18e4f8c4e7063,1,3,1
img_5d4525dd9df9784eb185d52bbf67e1b8a25d3c5a62a5308cd0a2fac87e1dc998,images/5d4525dd9df9784eb185d52bbf67e1b8a25d3c5a62a5308cd0a2fac87e1dc998.png,mmfakebench,antifact_image_generation,antifact_image_generation,train,AI_GENERATED,1,high,MMFB_ANTIFACT_AI,midjourney_style_1024,news,midjourney_style_1024,g006527,test,core,1024,1024,PNG,RGB,2172599,5d4525dd9df9784eb185d52bbf67e1b8a25d3c5a62a5308cd0a2fac87e1dc998,1,3,1
img_5e3965b51ef35da7048699cba7f159fe3de1dc4e355737bd48287dbbfd3b1cb1,images/5e3965b51ef35da7048699cba7f159fe3de1dc4e355737bd48287dbbfd3b1cb1.jpg,NewsCLIPpings,,,train,REAL,0,high,NC_PAIRED_REAL,,news,nc_jpeg,g006597,test,core,426,256,JPEG,RGB,39274,5e3965b51ef35da7048699cba7f159fe3de1dc4e355737bd48287dbbfd3b1cb1,1,1,0
img_5e630d68239750fd5dbf947dda510a7058ffefc991adb7dbe454b494a2685140,images/5e630d68239750fd5dbf947dda510a7058ffefc991adb7dbe454b494a2685140.png,mmfakebench,llm_gossip_md_generation,llm_gossip_md_generation,train,AI_GENERATED,1,high,MMFB_LLM_AI,llm_1024_mixed,news,llm_1024_mixed,g006601,test,core,1024,1024,PNG,RGB,2247590,5e630d68239750fd5dbf947dda510a7058ffefc991adb7dbe454b494a2685140,1,5,1
img_5eb123348df5e336e15d9edf11355adb09b1e66aa7e40082f5ee6f12b88e7e07,images/5eb123348df5e336e15d9edf11355adb09b1e66aa7e40082f5ee6f12b88e7e07.png,mmfakebench,llm_science_md_generation,llm_science_md_generation,train,AI_GENERATED,1,high,MMFB_LLM_AI,llm_1024_mixed,news,llm_1024_mixed,g006623,test,core,1024,1024,PNG,RGBA,2137408,5eb123348df5e336e15d9edf11355adb09b1e66aa7e40082f5ee6f12b88e7e07,1,5,1
img_5efb8acd6dbec3d31e395dc6055279ea873baa71c0d4df95df7a8b82400d2620,images/5efb8acd6dbec3d31e395dc6055279ea873baa71c0d4df95df7a8b82400d2620.png,mmfakebench,Newsclipings_scene,Newsclipings_scene,train,REAL,0,high,MMFB_OOC_REAL,,news,mmfb_visualnews_png,g006648,test,core,426,256,PNG,RGBA,207224,5efb8acd6dbec3d31e395dc6055279ea873baa71c0d4df95df7a8b82400d2620,1,1,0
img_5f28fd808a3e52bdaa74969d2ee54778cd28c1c3a30728ddb49b11215c4341b1,images/5f28fd808a3e52bdaa74969d2ee54778cd28c1c3a30728ddb49b11215c4341b1.png,mmfakebench,llm_rewrite,llm_rewrite,train,AI_GENERATED,1,high,MMFB_LLM_AI,llm_1024_mixed,news,llm_1024_mixed,g006665,test,core,1024,1024,PNG,RGB,1504671,5f28fd808a3e52bdaa74969d2ee54778cd28c1c3a30728ddb49b11215c4341b1,1,5,1
img_5f40651ec90b36b8135251ab8a1c164419fa223abffdd51da34a3d55b28c58b2,images/5f40651ec90b36b8135251ab8a1c164419fa223abffdd51da34a3d55b28c58b2.png,mmfakebench,usa_today,usa_today,train,REAL,0,high,MMFB_GENUINE_REAL,,news,mmfb_visualnews_png,g006674,test,core,384,256,PNG,RGBA,225282,5f40651ec90b36b8135251ab8a1c164419fa223abffdd51da34a3d55b28c58b2,1,4,0
img_5fa5fa5a75fffa7dfee811082d65b7a720ab81deb43588a2aa3e3dcf8623b121,images/5fa5fa5a75fffa7dfee811082d65b7a720ab81deb43588a2aa3e3dcf8623b121.jpg,NewsCLIPpings,,,train,REAL,0,high,NC_PAIRED_REAL,,news,nc_jpeg,g006701,test,core,624,351,JPEG,RGB,46931,5fa5fa5a75fffa7dfee811082d65b7a720ab81deb43588a2aa3e3dcf8623b121,1,1,0
img_602995293a60ecedfd5844d78db5636733ef172901a4ed19b09bcb34f1e6c9e3,images/602995293a60ecedfd5844d78db5636733ef172901a4ed19b09bcb34f1e6c9e3.png,mmfakebench,antifact_image_generation,antifact_image_generation,train,AI_GENERATED,1,high,MMFB_ANTIFACT_AI,midjourney_style_1024,news,midjourney_style_1024,g006728,test,core,1024,1024,PNG,RGB,1963508,602995293a60ecedfd5844d78db5636733ef172901a4ed19b09bcb34f1e6c9e3,1,3,1
img_6042e491b732e6de46abae038c0ed743134f8c7db5f52aa2d1153539a5ca16e6,images/6042e491b732e6de46abae038c0ed743134f8c7db5f52aa2d1153539a5ca16e6.png,mmfakebench,coco_text_edit,coco_text_edit,train,AI_GENERATED,1,medium-high,MMFB_COCO_CF_AI,sd512_counterfactual,coco,sd512_counterfactual,g006735,test,core,512,512,PNG,RGBA,255476,6042e491b732e6de46abae038c0ed743134f8c7db5f52aa2d1153539a5ca16e6,1,5,1
img_608b077e6959a0503f15eaba6a191af8fb790b53989beac9604c1910d381bb33,images/608b077e6959a0503f15eaba6a191af8fb790b53989beac9604c1910d381bb33.png,mmfakebench,Newsclipings_semantic,Newsclipings_semantic,train,REAL,0,high,MMFB_OOC_REAL,,news,mmfb_visualnews_png,g006751,test,core,360,256,PNG,RGBA,156726,608b077e6959a0503f15eaba6a191af8fb790b53989beac9604c1910d381bb33,1,1,0
img_61874cbd41801051cf1e97bfe1407d09d31cfe9f5482e0846b8e32aefbb115f4,images/61874cbd41801051cf1e97bfe1407d09d31cfe9f5482e0846b8e32aefbb115f4.png,mmfakebench,fever_AI,fever_AI,train,AI_GENERATED,1,high,MMFB_FEVER_AI,dalle3_style_1024,news,dalle3_style_1024,g006828,test,core,1024,1024,PNG,RGBA,1953625,61874cbd41801051cf1e97bfe1407d09d31cfe9f5482e0846b8e32aefbb115f4,1,5,1
img_61893dc2fba73faf04b1e7236a68b42f9d9119933cada28a267ec678866599e4,images/61893dc2fba73faf04b1e7236a68b42f9d9119933cada28a267ec678866599e4.png,mmfakebench,Fakeddit_photo_edit,Fakeddit_photo_edit,train,MANIPULATED,2,medium-high,MMFB_PHOTO_EDIT_MANIPULATED,,fakeddit,fakeddit_photo_edit,g006829,test,core,630,420,PNG,RGBA,483712,61893dc2fba73faf04b1e7236a68b42f9d9119933cada28a267ec678866599e4,1,3,1
img_61d0b088c8f676a469286d9ee1c21e7785ade368582cd5c413d6334764b205a3,images/61d0b088c8f676a469286d9ee1c21e7785ade368582cd5c413d6334764b205a3.png,mmfakebench,Newsclipings_scene,Newsclipings_scene,train,REAL,0,high,MMFB_OOC_REAL,,news,mmfb_visualnews_png,g006853,test,core,426,256,PNG,RGBA,303380,61d0b088c8f676a469286d9ee1c21e7785ade368582cd5c413d6334764b205a3,1,1,0
img_61f3cc77390e6675bfcb7d34e75a69c008623706d8b93f7ec120da44b5aa7b54,images/61f3cc77390e6675bfcb7d34e75a69c008623706d8b93f7ec120da44b5aa7b54.png,mmfakebench,coco_image_edit,coco_image_edit,train,AI_GENERATED,1,medium-high,MMFB_COCO_CF_AI,sd512_counterfactual,coco,sd512_counterfactual,g006862,test,core,512,512,PNG,RGBA,496016,61f3cc77390e6675bfcb7d34e75a69c008623706d8b93f7ec120da44b5aa7b54,1,3,1
img_627c08db3889e69a027d3d1b45f53b36e50e5a7b11e821d413c6cb15940aa442,images/627c08db3889e69a027d3d1b45f53b36e50e5a7b11e821d413c6cb15940aa442.jpg,newsclippings,usa_today,usa_today,train,REAL,0,high,NC_SUPPLEMENT_REAL,,news,nc_jpeg,g006896,test,core,391,256,JPEG,RGB,17655,627c08db3889e69a027d3d1b45f53b36e50e5a7b11e821d413c6cb15940aa442,1,4,0
img_62aecf9894fe772859fd3e5a26e648624da47260a1513001431d897399748905,images/62aecf9894fe772859fd3e5a26e648624da47260a1513001431d897399748905.png,mmfakebench,coco,coco,train,REAL,0,high,MMFB_GENUINE_REAL,,coco,mmfb_coco_real,g006908,test,core,640,480,PNG,RGBA,367313,62aecf9894fe772859fd3e5a26e648624da47260a1513001431d897399748905,1,4,0
img_62b400d558cafce2e7dbc81761729ebde2d0d4fda19ef8033611f0b75a81bd5b,images/62b400d558cafce2e7dbc81761729ebde2d0d4fda19ef8033611f0b75a81bd5b.png,mmfakebench,fever_AI,fever_AI,train,AI_GENERATED,1,high,MMFB_FEVER_AI,dalle3_style_1024,news,dalle3_style_1024,g006911,test,core,1024,1024,PNG,RGB,1496626,62b400d558cafce2e7dbc81761729ebde2d0d4fda19ef8033611f0b75a81bd5b,1,5,1
img_62cc7853769d95045eb86c0e1c0ec34725594d6154b7704cfb8234900ad416ca,images/62cc7853769d95045eb86c0e1c0ec34725594d6154b7704cfb8234900ad416ca.png,mmfakebench,fever_AI,fever_AI,train,AI_GENERATED,1,high,MMFB_FEVER_AI,dalle3_style_1024,news,dalle3_style_1024,g006917,test,core,1024,1024,PNG,RGB,2227114,62cc7853769d95045eb86c0e1c0ec34725594d6154b7704cfb8234900ad416ca,1,5,1
img_62d1af83a48ff91fc30fea0ed631d80371aa7d9492b0451ef3d2f74df622cdd9,images/62d1af83a48ff91fc30fea0ed631d80371aa7d9492b0451ef3d2f74df622cdd9.png,mmfakebench,coco,coco,train,REAL,0,high,MMFB_GENUINE_REAL,,coco,mmfb_coco_real,g006920,test,core,511,640,PNG,RGBA,722228,62d1af83a48ff91fc30fea0ed631d80371aa7d9492b0451ef3d2f74df622cdd9,1,4,0
img_635489d819b1414aabea36d2b52ac38e8427822adb2980da2243fbf015e3a93b,images/635489d819b1414aabea36d2b52ac38e8427822adb2980da2243fbf015e3a93b.png,mmfakebench,wash,wash,train,REAL,0,high,MMFB_GENUINE_REAL,,news,mmfb_visualnews_png,g006954,test,core,326,256,PNG,RGBA,145159,635489d819b1414aabea36d2b52ac38e8427822adb2980da2243fbf015e3a93b,1,4,0
img_63c964e5d0d658edeb6fdf32006aff22f3d61d3c1357b94886930405a885a77f,images/63c964e5d0d658edeb6fdf32006aff22f3d61d3c1357b94886930405a885a77f.png,mmfakebench,llm_gossip_md_generation,llm_gossip_md_generation,train,AI_GENERATED,1,high,MMFB_LLM_AI,llm_1024_mixed,news,llm_1024_mixed,g006992,test,core,1024,1024,PNG,RGB,1808879,63c964e5d0d658edeb6fdf32006aff22f3d61d3c1357b94886930405a885a77f,1,5,1
img_64aa04b032d70f5c07b698f420f9e58c9e1f42e416c90aff5cf47830d58a726e,images/64aa04b032d70f5c07b698f420f9e58c9e1f42e416c90aff5cf47830d58a726e.png,mmfakebench,llm_gossip_md_generation,llm_gossip_md_generation,train,AI_GENERATED,1,high,MMFB_LLM_AI,llm_1024_mixed,news,llm_1024_mixed,g007064,test,core,1024,1024,PNG,RGB,1658843,64aa04b032d70f5c07b698f420f9e58c9e1f42e416c90aff5cf47830d58a726e,1,5,1
img_64ee17e001ae3a2c77c9fb27f2889367f6f16440b04f0efe91974c5f46a48dab,images/64ee17e001ae3a2c77c9fb27f2889367f6f16440b04f0efe91974c5f46a48dab.jpg,NewsCLIPpings,,,train,REAL,0,high,NC_PAIRED_REAL,,news,nc_jpeg,g007019,test,core,256,515,JPEG,RGB,32231,64ee17e001ae3a2c77c9fb27f2889367f6f16440b04f0efe91974c5f46a48dab,1,4,0
img_686d87cedf9e2ba80bc4834dbec056d526f2efd9e4191bc20c8830be002a5bdf,images/686d87cedf9e2ba80bc4834dbec056d526f2efd9e4191bc20c8830be002a5bdf.png,mmfakebench,fever_AI,fever_AI,train,AI_GENERATED,1,high,MMFB_FEVER_AI,dalle3_style_1024,news,dalle3_style_1024,g007295,test,core,1024,1024,PNG,RGB,1767388,686d87cedf9e2ba80bc4834dbec056d526f2efd9e4191bc20c8830be002a5bdf,1,5,1
img_6896fba7e1eb93af078aead77e390e1776f1386fbf2fd89bfe313a88bc17d3f1,images/6896fba7e1eb93af078aead77e390e1776f1386fbf2fd89bfe313a88bc17d3f1.png,mmfakebench,coco_image_edit,coco_image_edit,train,AI_GENERATED,1,medium-high,MMFB_COCO_CF_AI,sd512_counterfactual,coco,sd512_counterfactual,g007303,test,core,512,512,PNG,RGBA,386566,6896fba7e1eb93af078aead77e390e1776f1386fbf2fd89bfe313a88bc17d3f1,1,3,1
img_68f2bdc8defa0e65fecb3e1bd70511e907b726184ad35839bbc4dba9bd606268,images/68f2bdc8defa0e65fecb3e1bd70511e907b726184ad35839bbc4dba9bd606268.png,mmfakebench,antifact_image_generation,antifact_image_generation,train,AI_GENERATED,1,high,MMFB_ANTIFACT_AI,midjourney_style_1024,news,midjourney_style_1024,g007325,test,core,1024,1024,PNG,RGBA,1875101,68f2bdc8defa0e65fecb3e1bd70511e907b726184ad35839bbc4dba9bd606268,1,3,1
img_693a78deac9ef9179f5a11a63ef3a180c6b151b8d002927f31ac338a983444d5,images/693a78deac9ef9179f5a11a63ef3a180c6b151b8d002927f31ac338a983444d5.jpg,NewsCLIPpings,,,train,REAL,0,high,NC_PAIRED_REAL,,news,nc_jpeg,g007345,test,core,624,351,JPEG,RGB,40142,693a78deac9ef9179f5a11a63ef3a180c6b151b8d002927f31ac338a983444d5,1,4,0
img_6946107fd5b2f33778e73ba63443b81be3cd70be0cf108045cca68b516ff1beb,images/6946107fd5b2f33778e73ba63443b81be3cd70be0cf108045cca68b516ff1beb.png,mmfakebench,guardian,guardian,train,REAL,0,high,MMFB_GENUINE_REAL,,news,mmfb_visualnews_png,g007349,test,core,1087,256,PNG,RGBA,377265,6946107fd5b2f33778e73ba63443b81be3cd70be0cf108045cca68b516ff1beb,1,4,0
img_6953225b739c126da724a5ee5b134fce95767100b2633c6c21ddfdc26eab5f4d,images/6953225b739c126da724a5ee5b134fce95767100b2633c6c21ddfdc26eab5f4d.png,mmfakebench,fever_AI,fever_AI,train,AI_GENERATED,1,high,MMFB_FEVER_AI,dalle3_style_1024,news,dalle3_style_1024,g007352,test,core,1024,1024,PNG,RGBA,1151449,6953225b739c126da724a5ee5b134fce95767100b2633c6c21ddfdc26eab5f4d,1,5,1
img_695ddaee351971c08f5c9b32f2494f991f23b8c432fcf256386fb62538bf3d4b,images/695ddaee351971c08f5c9b32f2494f991f23b8c432fcf256386fb62538bf3d4b.png,mmfakebench,coco_image_edit,coco_image_edit,train,AI_GENERATED,1,medium-high,MMFB_COCO_CF_AI,sd512_counterfactual,coco,sd512_counterfactual,g007353,test,core,512,512,PNG,RGBA,372606,695ddaee351971c08f5c9b32f2494f991f23b8c432fcf256386fb62538bf3d4b,1,3,1
img_6a0e2c6478595999e710df501ba03904f8e79a88beffa5ee5628d0c3dbf25904,images/6a0e2c6478595999e710df501ba03904f8e79a88beffa5ee5628d0c3dbf25904.png,mmfakebench,fakeddit,fakeddit,train,REAL,0,medium-high,MMFB_GENUINE_REAL,,fakeddit,mmfb_fakeddit_real,g007391,test,core,320,427,PNG,RGBA,146099,6a0e2c6478595999e710df501ba03904f8e79a88beffa5ee5628d0c3dbf25904,1,4,0
img_6a12da2a68dd76108ca1388bc5ea5542304ae261dbce401a0c7eb17dda75decb,images/6a12da2a68dd76108ca1388bc5ea5542304ae261dbce401a0c7eb17dda75decb.png,mmfakebench,fever_AI,fever_AI,train,AI_GENERATED,1,high,MMFB_FEVER_AI,dalle3_style_1024,news,dalle3_style_1024,g007394,test,core,1024,1024,PNG,RGB,1734168,6a12da2a68dd76108ca1388bc5ea5542304ae261dbce401a0c7eb17dda75decb,1,5,1
img_6ac890afb0848adeb72b97c43da4371a377d14ec1ff2d0a7c8ae59214725ba59,images/6ac890afb0848adeb72b97c43da4371a377d14ec1ff2d0a7c8ae59214725ba59.png,mmfakebench,coco_image_edit,coco_image_edit,train,AI_GENERATED,1,medium-high,MMFB_COCO_CF_AI,sd512_counterfactual,coco,sd512_counterfactual,g007441,test,core,512,512,PNG,RGBA,353723,6ac890afb0848adeb72b97c43da4371a377d14ec1ff2d0a7c8ae59214725ba59,1,3,1
img_6b3d2487c6d110112ceebaa84189d7e29d05d8c72a3e7669d5d2545b4b04c409,images/6b3d2487c6d110112ceebaa84189d7e29d05d8c72a3e7669d5d2545b4b04c409.png,mmfakebench,bbc,bbc,train,REAL,0,high,MMFB_GENUINE_REAL,,news,mmfb_visualnews_png,g007466,test,core,464,261,PNG,RGBA,148436,6b3d2487c6d110112ceebaa84189d7e29d05d8c72a3e7669d5d2545b4b04c409,1,4,0
img_6c758cc40e3dc1b05eea7cbb8a4dee76e5af94dfd147b00238c46d88981a3400,images/6c758cc40e3dc1b05eea7cbb8a4dee76e5af94dfd147b00238c46d88981a3400.png,mmfakebench,chatgpt_match,chatgpt_match,train,REAL,0,high,MMFB_FAKE_TEXT_REAL_IMAGE,,news,mmfb_visualnews_png,g007556,test,core,426,256,PNG,RGBA,181504,6c758cc40e3dc1b05eea7cbb8a4dee76e5af94dfd147b00238c46d88981a3400,1,2,0
img_6cfd45dcaaad5c22b3ec5ef5dd53ba3ce66ce467290cae8d8f4d2d4053dea964,images/6cfd45dcaaad5c22b3ec5ef5dd53ba3ce66ce467290cae8d8f4d2d4053dea964.png,mmfakebench,antifact_image_generation,antifact_image_generation,train,AI_GENERATED,1,high,MMFB_ANTIFACT_AI,midjourney_style_1024,news,midjourney_style_1024,g007587,test,core,1024,1024,PNG,RGB,1734475,6cfd45dcaaad5c22b3ec5ef5dd53ba3ce66ce467290cae8d8f4d2d4053dea964,1,3,1
img_6daf512e2e3ac4212e45f521f7314fa8d75705a89d144a5f3adf8cd4a5c5b56c,images/6daf512e2e3ac4212e45f521f7314fa8d75705a89d144a5f3adf8cd4a5c5b56c.png,mmfakebench,coco,coco,train,REAL,0,high,MMFB_GENUINE_REAL,,coco,mmfb_coco_real,g007628,test,core,640,426,PNG,RGBA,404292,6daf512e2e3ac4212e45f521f7314fa8d75705a89d144a5f3adf8cd4a5c5b56c,1,4,0
img_6fee7357989ccc1a224534dd30202cce842f0510a361b2d09ea02c25e7b928f6,images/6fee7357989ccc1a224534dd30202cce842f0510a361b2d09ea02c25e7b928f6.jpg,NewsCLIPpings,,,train,REAL,0,high,NC_PAIRED_REAL,,news,nc_jpeg,g007768,test,core,624,351,JPEG,RGB,42956,6fee7357989ccc1a224534dd30202cce842f0510a361b2d09ea02c25e7b928f6,1,1,0
img_709c1870f577e3459935a2ad36ef26b28b7c5cbcada71b40c226bf1d7e731765,images/709c1870f577e3459935a2ad36ef26b28b7c5cbcada71b40c226bf1d7e731765.png,mmfakebench,coco,coco,train,REAL,0,high,MMFB_GENUINE_REAL,,coco,mmfb_coco_real,g007807,test,core,500,332,PNG,RGBA,354725,709c1870f577e3459935a2ad36ef26b28b7c5cbcada71b40c226bf1d7e731765,1,4,0
img_70c6cb2b6e0f28a26a816d19cd51c57a365438dbf206a8a1df7449dc78084a27,images/70c6cb2b6e0f28a26a816d19cd51c57a365438dbf206a8a1df7449dc78084a27.png,mmfakebench,llm_gossip_md_generation,llm_gossip_md_generation,train,AI_GENERATED,1,high,MMFB_LLM_AI,llm_1024_mixed,news,llm_1024_mixed,g007816,test,core,1024,1024,PNG,RGBA,1701357,70c6cb2b6e0f28a26a816d19cd51c57a365438dbf206a8a1df7449dc78084a27,1,5,1
img_715e4533ffdcdff58c69e0bb3b78c77d9aa83b4676654636c45e3b80f004131e,images/715e4533ffdcdff58c69e0bb3b78c77d9aa83b4676654636c45e3b80f004131e.png,mmfakebench,coco_image_edit,coco_image_edit,train,AI_GENERATED,1,medium-high,MMFB_COCO_CF_AI,sd512_counterfactual,coco,sd512_counterfactual,g007851,test,core,512,512,PNG,RGBA,471796,715e4533ffdcdff58c69e0bb3b78c77d9aa83b4676654636c45e3b80f004131e,1,3,1
img_71931b8798bc9cee8efe85f94fe3f618ad39b73b31dc173d877f756444af39de,images/71931b8798bc9cee8efe85f94fe3f618ad39b73b31dc173d877f756444af39de.png,mmfakebench,llm_rewrite,llm_rewrite,train,AI_GENERATED,1,high,MMFB_LLM_AI,llm_1024_mixed,news,llm_1024_mixed,g007866,test,core,1024,1024,PNG,RGBA,2141443,71931b8798bc9cee8efe85f94fe3f618ad39b73b31dc173d877f756444af39de,1,5,1
img_719e4f5e360adc1fa12bde2ee3e35fda54148f8205fda275d21bd643563ead9c,images/719e4f5e360adc1fa12bde2ee3e35fda54148f8205fda275d21bd643563ead9c.png,mmfakebench,Fakeddit_photo_edit,Fakeddit_photo_edit,train,MANIPULATED,2,medium-high,MMFB_PHOTO_EDIT_MANIPULATED,,fakeddit,fakeddit_photo_edit,g007867,test,core,1982,2476,PNG,RGBA,5840673,719e4f5e360adc1fa12bde2ee3e35fda54148f8205fda275d21bd643563ead9c,1,3,1
img_720a09e9862f68443bc383c0d6c0736b707213ddab4bc087b484c671371d46cd,images/720a09e9862f68443bc383c0d6c0736b707213ddab4bc087b484c671371d46cd.jpg,NewsCLIPpings,,,train,REAL,0,high,NC_PAIRED_REAL,,news,nc_jpeg,g007905,test,core,976,549,JPEG,RGB,62801,720a09e9862f68443bc383c0d6c0736b707213ddab4bc087b484c671371d46cd,1,4,0
img_720bacaf47252f374b3b0a32ea21a1b89741cc4c8221bfa73fff4e28cec9ee12,images/720bacaf47252f374b3b0a32ea21a1b89741cc4c8221bfa73fff4e28cec9ee12.png,mmfakebench,coco_image_edit,coco_image_edit,train,AI_GENERATED,1,medium-high,MMFB_COCO_CF_AI,sd512_counterfactual,coco,sd512_counterfactual,g007908,test,core,512,512,PNG,RGBA,304251,720bacaf47252f374b3b0a32ea21a1b89741cc4c8221bfa73fff4e28cec9ee12,1,3,1
img_722f7c54da1084c756b9dbb558a44e6c500721d3c8743852667393ba648370d6,images/722f7c54da1084c756b9dbb558a44e6c500721d3c8743852667393ba648370d6.png,mmfakebench,antifact_image_generation,antifact_image_generation,train,AI_GENERATED,1,high,MMFB_ANTIFACT_AI,midjourney_style_1024,news,midjourney_style_1024,g007922,test,core,1024,1024,PNG,RGB,1976290,722f7c54da1084c756b9dbb558a44e6c500721d3c8743852667393ba648370d6,1,3,1
img_7253d13000591be48b525695c678ba2125f79940d8cf64527e4266cb257482e8,images/7253d13000591be48b525695c678ba2125f79940d8cf64527e4266cb257482e8.jpg,NewsCLIPpings,,,train,REAL,0,high,NC_PAIRED_REAL,,news,nc_jpeg,g007276,test,core,426,256,JPEG,RGB,59915,7253d13000591be48b525695c678ba2125f79940d8cf64527e4266cb257482e8,1,4,0
img_726976da2dd17018e3ad0dbc0f57fbb135c4ffcda07a7fd75b1600a95d1f8651,images/726976da2dd17018e3ad0dbc0f57fbb135c4ffcda07a7fd75b1600a95d1f8651.png,mmfakebench,Fakeddit_photo_edit,Fakeddit_photo_edit,train,MANIPULATED,2,medium-high,MMFB_PHOTO_EDIT_MANIPULATED,,fakeddit,fakeddit_photo_edit,g007936,test,core,567,338,PNG,RGBA,198778,726976da2dd17018e3ad0dbc0f57fbb135c4ffcda07a7fd75b1600a95d1f8651,1,3,1
img_727ee977a86d4cb00d1089aa6c9a90255dc8a75f0f53eed46a02df57651842d1,images/727ee977a86d4cb00d1089aa6c9a90255dc8a75f0f53eed46a02df57651842d1.png,mmfakebench,bbc,bbc,train,REAL,0,high,MMFB_GENUINE_REAL,,news,mmfb_visualnews_png,g007942,test,core,976,649,PNG,RGBA,888025,727ee977a86d4cb00d1089aa6c9a90255dc8a75f0f53eed46a02df57651842d1,1,4,0
img_72a0b1671eab242cd27f75a96c3fa508b351dff64493039037700f7057184fe5,images/72a0b1671eab242cd27f75a96c3fa508b351dff64493039037700f7057184fe5.png,mmfakebench,antifact_image_generation,antifact_image_generation,train,AI_GENERATED,1,high,MMFB_ANTIFACT_AI,midjourney_style_1024,news,midjourney_style_1024,g007956,test,core,1024,1024,PNG,RGB,1794464,72a0b1671eab242cd27f75a96c3fa508b351dff64493039037700f7057184fe5,1,3,1
img_73811035ad25c04be7fb8e4c502cf18f78e88c427dfefe8b3b71efc124ca2656,images/73811035ad25c04be7fb8e4c502cf18f78e88c427dfefe8b3b71efc124ca2656.png,mmfakebench,fakeddit,fakeddit,train,REAL,0,medium-high,MMFB_GENUINE_REAL,,fakeddit,mmfb_fakeddit_real,g008031,test,core,320,228,PNG,RGBA,195380,73811035ad25c04be7fb8e4c502cf18f78e88c427dfefe8b3b71efc124ca2656,1,4,0
img_73832593ef55d526944a001b2be6caf0f7f8a01eb7e98a2c3543758d26b40391,images/73832593ef55d526944a001b2be6caf0f7f8a01eb7e98a2c3543758d26b40391.png,mmfakebench,Newsclipings_scene,Newsclipings_scene,train,REAL,0,high,MMFB_OOC_REAL,,news,mmfb_visualnews_png,g008033,test,core,385,256,PNG,RGBA,191315,73832593ef55d526944a001b2be6caf0f7f8a01eb7e98a2c3543758d26b40391,1,1,0
img_73f669b769327be6beb7ce71ec3ea2897959ef182b9a3c0142e57ae1105caa0a,images/73f669b769327be6beb7ce71ec3ea2897959ef182b9a3c0142e57ae1105caa0a.jpg,NewsCLIPpings,,,train,REAL,0,high,NC_PAIRED_REAL,,news,nc_jpeg,g008070,test,core,426,256,JPEG,RGB,37188,73f669b769327be6beb7ce71ec3ea2897959ef182b9a3c0142e57ae1105caa0a,1,4,0
img_741aa0cb3292ac754e74f0506e443292a47729c8232863d3f236d87790aec45b,images/741aa0cb3292ac754e74f0506e443292a47729c8232863d3f236d87790aec45b.png,mmfakebench,coco,coco,train,REAL,0,high,MMFB_GENUINE_REAL,,coco,mmfb_coco_real,g008077,test,core,640,427,PNG,RGBA,352360,741aa0cb3292ac754e74f0506e443292a47729c8232863d3f236d87790aec45b,1,4,0
img_75789e4da7e4203aad170c5eb29a906ff5eb5a644bdd4312eb24d6f3e0226408,images/75789e4da7e4203aad170c5eb29a906ff5eb5a644bdd4312eb24d6f3e0226408.jpg,NewsCLIPpings,,,train,REAL,0,high,NC_PAIRED_REAL,,news,nc_jpeg,g008167,test,core,352,256,JPEG,RGB,18276,75789e4da7e4203aad170c5eb29a906ff5eb5a644bdd4312eb24d6f3e0226408,1,1,0
img_77a2fa1d8ca750dd41d4e2433ec6511244b4d29b5fcf0a70b56399a4cb9cdcac,images/77a2fa1d8ca750dd41d4e2433ec6511244b4d29b5fcf0a70b56399a4cb9cdcac.png,mmfakebench,fever_AI,fever_AI,train,AI_GENERATED,1,high,MMFB_FEVER_AI,dalle3_style_1024,news,dalle3_style_1024,g008295,test,core,1024,1024,PNG,RGBA,943183,77a2fa1d8ca750dd41d4e2433ec6511244b4d29b5fcf0a70b56399a4cb9cdcac,1,5,1
img_77a9685fad708aedddbfcb3a37a5c01e9cbd23695b3b81b9f7de748a4db7e7a8,images/77a9685fad708aedddbfcb3a37a5c01e9cbd23695b3b81b9f7de748a4db7e7a8.png,mmfakebench,fakeddit,fakeddit,train,REAL,0,medium-high,MMFB_GENUINE_REAL,,fakeddit,mmfb_fakeddit_real,g008300,test,core,320,320,PNG,RGBA,219034,77a9685fad708aedddbfcb3a37a5c01e9cbd23695b3b81b9f7de748a4db7e7a8,1,4,0
img_78f40863da7e7cd4841c8e3823740c9ecfcab11c84b0d35e45158448e4ba7ac5,images/78f40863da7e7cd4841c8e3823740c9ecfcab11c84b0d35e45158448e4ba7ac5.png,mmfakebench,fever_AI,fever_AI,train,AI_GENERATED,1,high,MMFB_FEVER_AI,dalle3_style_1024,news,dalle3_style_1024,g008376,test,core,1024,1024,PNG,RGBA,1124556,78f40863da7e7cd4841c8e3823740c9ecfcab11c84b0d35e45158448e4ba7ac5,1,5,1
img_79016079458a868281ee382a4884cd63570758a6eda68e4e5eebca50d709ff5a,images/79016079458a868281ee382a4884cd63570758a6eda68e4e5eebca50d709ff5a.png,mmfakebench,Fakeddit_photo_edit,Fakeddit_photo_edit,train,MANIPULATED,2,medium-high,MMFB_PHOTO_EDIT_MANIPULATED,,fakeddit,fakeddit_photo_edit,g008380,test,core,4000,3000,PNG,RGBA,13115057,79016079458a868281ee382a4884cd63570758a6eda68e4e5eebca50d709ff5a,1,3,1
img_79d27bab182f3d40ec2d8aa740329dcb8d25168072b479a5cfd4f52f626a1eb2,images/79d27bab182f3d40ec2d8aa740329dcb8d25168072b479a5cfd4f52f626a1eb2.jpg,NewsCLIPpings,,,train,REAL,0,high,NC_PAIRED_REAL,,news,nc_jpeg,g008433,test,core,426,256,JPEG,RGB,28063,79d27bab182f3d40ec2d8aa740329dcb8d25168072b479a5cfd4f52f626a1eb2,1,4,0
img_7a127b61a3d17f76e09e5309b7f526ceb938296ed823a50fc596b400805f0b52,images/7a127b61a3d17f76e09e5309b7f526ceb938296ed823a50fc596b400805f0b52.png,mmfakebench,coco_text_edit,coco_text_edit,train,AI_GENERATED,1,medium-high,MMFB_COCO_CF_AI,sd512_counterfactual,coco,sd512_counterfactual,g008449,test,core,512,512,PNG,RGBA,444196,7a127b61a3d17f76e09e5309b7f526ceb938296ed823a50fc596b400805f0b52,1,5,1
img_7a227c4011e211911a14ce3858bfe9c9bb532880ab05db4b7f2ab70ee4686c1d,images/7a227c4011e211911a14ce3858bfe9c9bb532880ab05db4b7f2ab70ee4686c1d.png,mmfakebench,guardian,guardian,train,REAL,0,high,MMFB_GENUINE_REAL,,news,mmfb_visualnews_png,g008452,test,core,426,256,PNG,RGBA,132015,7a227c4011e211911a14ce3858bfe9c9bb532880ab05db4b7f2ab70ee4686c1d,1,4,0
img_7a240b1b6952998a844941c74ca2bc950a39d8dfb19d37de13161bed47b9e3ca,images/7a240b1b6952998a844941c74ca2bc950a39d8dfb19d37de13161bed47b9e3ca.png,mmfakebench,coco_image_edit,coco_image_edit,train,AI_GENERATED,1,medium-high,MMFB_COCO_CF_AI,sd512_counterfactual,coco,sd512_counterfactual,g008453,test,core,512,512,PNG,RGBA,357355,7a240b1b6952998a844941c74ca2bc950a39d8dfb19d37de13161bed47b9e3ca,1,3,1
img_7a37c1e5ddb00b1cf7bb75a61bbc64338b43d1e0bc7b6e4b00fcf9f58549198b,images/7a37c1e5ddb00b1cf7bb75a61bbc64338b43d1e0bc7b6e4b00fcf9f58549198b.png,mmfakebench,fever_AI,fever_AI,train,AI_GENERATED,1,high,MMFB_FEVER_AI,dalle3_style_1024,news,dalle3_style_1024,g008458,test,core,1024,1024,PNG,RGBA,1745876,7a37c1e5ddb00b1cf7bb75a61bbc64338b43d1e0bc7b6e4b00fcf9f58549198b,1,5,1
img_7a5ef757c81bc6b1a56e859854d233d3f8749b0ef05157fd79885701012e372e,images/7a5ef757c81bc6b1a56e859854d233d3f8749b0ef05157fd79885701012e372e.jpg,newsclippings,guardian,guardian,train,REAL,0,high,NC_SUPPLEMENT_REAL,,news,nc_jpeg,g008473,test,core,426,256,JPEG,RGB,37816,7a5ef757c81bc6b1a56e859854d233d3f8749b0ef05157fd79885701012e372e,1,4,0
img_7aab734499222e498795ab2867950eed8485bbe55014e6cd692093d839c940e4,images/7aab734499222e498795ab2867950eed8485bbe55014e6cd692093d839c940e4.png,mmfakebench,usa_today,usa_today,train,REAL,0,high,MMFB_GENUINE_REAL,,news,mmfb_visualnews_png,g008500,test,core,367,256,PNG,RGBA,169506,7aab734499222e498795ab2867950eed8485bbe55014e6cd692093d839c940e4,1,4,0
img_7be49de5367b9049c1e5748b521182c5777dd3ed9d6f2a0d40e936d74e41a5df,images/7be49de5367b9049c1e5748b521182c5777dd3ed9d6f2a0d40e936d74e41a5df.png,mmfakebench,coco,coco,train,REAL,0,high,MMFB_GENUINE_REAL,,coco,mmfb_coco_real,g008567,test,core,640,513,PNG,RGBA,417723,7be49de5367b9049c1e5748b521182c5777dd3ed9d6f2a0d40e936d74e41a5df,1,4,0
img_7c7a91b583bbd1ed309bcd85c414343a09e52cafd1a641a0c1fe2bc8d8bfb535,images/7c7a91b583bbd1ed309bcd85c414343a09e52cafd1a641a0c1fe2bc8d8bfb535.png,mmfakebench,coco,coco,train,REAL,0,high,MMFB_GENUINE_REAL,,coco,mmfb_coco_real,g008606,test,core,640,640,PNG,RGBA,587141,7c7a91b583bbd1ed309bcd85c414343a09e52cafd1a641a0c1fe2bc8d8bfb535,1,4,0
img_7c821f16c66cc725ae6925224fa9530a6b3345ddd5934a2e50b445c99c6c44d2,images/7c821f16c66cc725ae6925224fa9530a6b3345ddd5934a2e50b445c99c6c44d2.png,mmfakebench,Newsclipings_person,Newsclipings_person,train,REAL,0,high,MMFB_OOC_REAL,,news,mmfb_visualnews_png,g008607,test,core,378,256,PNG,RGBA,144648,7c821f16c66cc725ae6925224fa9530a6b3345ddd5934a2e50b445c99c6c44d2,1,1,0
img_7c88a4bc20075adf278c48d801d30505b0a95cd6fe4feb4ff4f25eee67eb75a6,images/7c88a4bc20075adf278c48d801d30505b0a95cd6fe4feb4ff4f25eee67eb75a6.png,mmfakebench,usa_today,usa_today,train,REAL,0,high,MMFB_GENUINE_REAL,,news,mmfb_visualnews_png,g008608,test,core,397,256,PNG,RGBA,164240,7c88a4bc20075adf278c48d801d30505b0a95cd6fe4feb4ff4f25eee67eb75a6,1,4,0
img_7ca615f781e1a51be85f2742650dcbfa1a9969d60f032de58ca4ccbf4d19d7ad,images/7ca615f781e1a51be85f2742650dcbfa1a9969d60f032de58ca4ccbf4d19d7ad.png,mmfakebench,antifact_image_generation,antifact_image_generation,train,AI_GENERATED,1,high,MMFB_ANTIFACT_AI,midjourney_style_1024,news,midjourney_style_1024,g008620,test,core,1024,1024,PNG,RGBA,1841534,7ca615f781e1a51be85f2742650dcbfa1a9969d60f032de58ca4ccbf4d19d7ad,1,3,1
img_7d2259eed48c60f36913d8d81d686ac61086b37831ab88c939c3efd42a665570,images/7d2259eed48c60f36913d8d81d686ac61086b37831ab88c939c3efd42a665570.jpg,NewsCLIPpings,,,train,REAL,0,high,NC_PAIRED_REAL,,news,nc_jpeg,g008646,test,core,425,255,JPEG,RGB,30823,7d2259eed48c60f36913d8d81d686ac61086b37831ab88c939c3efd42a665570,1,1,0
img_7d33f8e9f04b89bb528475d5371cf6ee3d4949fbd0d145e902d5df841b727238,images/7d33f8e9f04b89bb528475d5371cf6ee3d4949fbd0d145e902d5df841b727238.png,mmfakebench,llm_rewrite,llm_rewrite,train,AI_GENERATED,1,high,MMFB_LLM_AI,llm_1024_mixed,news,llm_1024_mixed,g008650,test,core,1024,1024,PNG,RGB,1453477,7d33f8e9f04b89bb528475d5371cf6ee3d4949fbd0d145e902d5df841b727238,1,5,1
img_7e0a3dcb24531314001189a7481e49351a319df1b9acbf194eb8c3248fb7ec4f,images/7e0a3dcb24531314001189a7481e49351a319df1b9acbf194eb8c3248fb7ec4f.png,mmfakebench,fakeddit,fakeddit,train,REAL,0,medium-high,MMFB_GENUINE_REAL,,fakeddit,mmfb_fakeddit_real,g008714,test,core,320,240,PNG,RGBA,142590,7e0a3dcb24531314001189a7481e49351a319df1b9acbf194eb8c3248fb7ec4f,1,4,0
img_7e0f1158f49c92aeeba9a10aaf005dc4e1ca7ef578441b2c1fc9936eddef6544,images/7e0f1158f49c92aeeba9a10aaf005dc4e1ca7ef578441b2c1fc9936eddef6544.png,mmfakebench,Fakeddit_photo_edit,Fakeddit_photo_edit,train,MANIPULATED,2,medium-high,MMFB_PHOTO_EDIT_MANIPULATED,,fakeddit,fakeddit_photo_edit,g008715,test,core,1920,1200,PNG,RGBA,978036,7e0f1158f49c92aeeba9a10aaf005dc4e1ca7ef578441b2c1fc9936eddef6544,1,3,1
img_7f25db63cbda2c7985e054c2bdd8118014171227d7210036cde69e1a018ab3b3,images/7f25db63cbda2c7985e054c2bdd8118014171227d7210036cde69e1a018ab3b3.png,mmfakebench,antifact_image_generation,antifact_image_generation,train,AI_GENERATED,1,high,MMFB_ANTIFACT_AI,midjourney_style_1024,news,midjourney_style_1024,g008772,test,core,1024,1024,PNG,RGB,1418776,7f25db63cbda2c7985e054c2bdd8118014171227d7210036cde69e1a018ab3b3,1,3,1
img_7f819f1c8ef0344c5744700a0b00313ef1eccfb43c7f9eb6103a907d1fbd5d31,images/7f819f1c8ef0344c5744700a0b00313ef1eccfb43c7f9eb6103a907d1fbd5d31.png,mmfakebench,antifact_image_generation,antifact_image_generation,train,AI_GENERATED,1,high,MMFB_ANTIFACT_AI,midjourney_style_1024,news,midjourney_style_1024,g008794,test,core,1024,1024,PNG,RGB,1906877,7f819f1c8ef0344c5744700a0b00313ef1eccfb43c7f9eb6103a907d1fbd5d31,1,3,1
img_7fb50f814167c7f5fc4de7c6967f5c5a1e580f7e1980219ff7a41306bf9577f6,images/7fb50f814167c7f5fc4de7c6967f5c5a1e580f7e1980219ff7a41306bf9577f6.png,mmfakebench,llm_rewrite,llm_rewrite,train,AI_GENERATED,1,high,MMFB_LLM_AI,llm_1024_mixed,news,llm_1024_mixed,g008808,test,core,1024,1024,PNG,RGBA,1723828,7fb50f814167c7f5fc4de7c6967f5c5a1e580f7e1980219ff7a41306bf9577f6,1,5,1
img_80880dd89bd7a152ff7e7b941df7c74c1338b5cd593336b7dad717f48144da46,images/80880dd89bd7a152ff7e7b941df7c74c1338b5cd593336b7dad717f48144da46.png,mmfakebench,fever_AI,fever_AI,train,AI_GENERATED,1,high,MMFB_FEVER_AI,dalle3_style_1024,news,dalle3_style_1024,g008861,test,core,1024,1024,PNG,RGB,2089959,80880dd89bd7a152ff7e7b941df7c74c1338b5cd593336b7dad717f48144da46,1,5,1
img_80cdc64f0b1df42ce64aa3077683f398052b4cd0778befbd1ca89b9f443da82e,images/80cdc64f0b1df42ce64aa3077683f398052b4cd0778befbd1ca89b9f443da82e.png,mmfakebench,gossipcop_midjourney,gossipcop_midjourney,train,AI_GENERATED,1,high,MMFB_MIDJOURNEY_AI,midjourney_v6_named_1024,news,midjourney_v6_named_1024,g008875,test,core,1024,1024,PNG,RGBA,1523755,80cdc64f0b1df42ce64aa3077683f398052b4cd0778befbd1ca89b9f443da82e,1,5,1
img_825cc7f89ad299d25eb471b2d85195109e462067c330255dbd37318f8608e717,images/825cc7f89ad299d25eb471b2d85195109e462067c330255dbd37318f8608e717.png,mmfakebench,coco,coco,train,REAL,0,high,MMFB_GENUINE_REAL,,coco,mmfb_coco_real,g008975,test,core,480,640,PNG,RGBA,446675,825cc7f89ad299d25eb471b2d85195109e462067c330255dbd37318f8608e717,1,4,0
img_82688b1e54c48e4a16ef376bdab850c9cf9fd1cfeae37a3c6cbaf9ea804db0b8,images/82688b1e54c48e4a16ef376bdab850c9cf9fd1cfeae37a3c6cbaf9ea804db0b8.png,mmfakebench,fever_AI,fever_AI,train,AI_GENERATED,1,high,MMFB_FEVER_AI,dalle3_style_1024,news,dalle3_style_1024,g008977,test,core,1024,1024,PNG,RGB,1686418,82688b1e54c48e4a16ef376bdab850c9cf9fd1cfeae37a3c6cbaf9ea804db0b8,1,5,1
img_832edba098d903a0b081379ee169534771950489f6249dd1bea8f3782e6c6f9a,images/832edba098d903a0b081379ee169534771950489f6249dd1bea8f3782e6c6f9a.jpg,NewsCLIPpings,,,train,REAL,0,high,NC_PAIRED_REAL,,news,nc_jpeg,g004487,test,core,426,256,JPEG,RGB,34272,832edba098d903a0b081379ee169534771950489f6249dd1bea8f3782e6c6f9a,1,1,0
img_833cf6c58ee17e015c6a764d9d2f996376c3ef35912a20c35a61f59e54bc664f,images/833cf6c58ee17e015c6a764d9d2f996376c3ef35912a20c35a61f59e54bc664f.png,mmfakebench,antifact_image_generation,antifact_image_generation,train,AI_GENERATED,1,high,MMFB_ANTIFACT_AI,midjourney_style_1024,news,midjourney_style_1024,g009050,test,core,1024,1024,PNG,RGB,1675029,833cf6c58ee17e015c6a764d9d2f996376c3ef35912a20c35a61f59e54bc664f,1,3,1
img_8369dbfeffec054a5e3ec741fce6841722d7c679b3de098097797535bee29ce6,images/8369dbfeffec054a5e3ec741fce6841722d7c679b3de098097797535bee29ce6.png,mmfakebench,wash,wash,train,REAL,0,high,MMFB_GENUINE_REAL,,news,mmfb_visualnews_png,g009060,test,core,384,256,PNG,RGBA,133925,8369dbfeffec054a5e3ec741fce6841722d7c679b3de098097797535bee29ce6,1,4,0
img_838a8c8b0772158673fb9e32dd0d960ba5089270b18d504786ef2379bcd080e6,images/838a8c8b0772158673fb9e32dd0d960ba5089270b18d504786ef2379bcd080e6.png,mmfakebench,Fakeddit_photo_edit,Fakeddit_photo_edit,train,MANIPULATED,2,medium-high,MMFB_PHOTO_EDIT_MANIPULATED,,fakeddit,fakeddit_photo_edit,g009072,test,core,1004,1158,PNG,RGBA,1159756,838a8c8b0772158673fb9e32dd0d960ba5089270b18d504786ef2379bcd080e6,1,3,1
img_839ea5452da11f15376389ddcd04c622731186f6bd2457d1d6a7fe450d71b3a3,images/839ea5452da11f15376389ddcd04c622731186f6bd2457d1d6a7fe450d71b3a3.jpg,NewsCLIPpings,,,train,REAL,0,high,NC_PAIRED_REAL,,news,nc_jpeg,g004123,test,core,426,256,JPEG,RGB,38738,839ea5452da11f15376389ddcd04c622731186f6bd2457d1d6a7fe450d71b3a3,1,4,0
img_83ab3d815f91d7473b1f116be216c0128db1d26601614ee49b5551faea6b8536,images/83ab3d815f91d7473b1f116be216c0128db1d26601614ee49b5551faea6b8536.jpg,newsclippings,washington_post,washington_post,train,REAL,0,high,NC_SUPPLEMENT_REAL,,news,nc_jpeg,g009085,test,core,334,256,JPEG,RGB,16447,83ab3d815f91d7473b1f116be216c0128db1d26601614ee49b5551faea6b8536,1,4,0
img_843097a796f00c769bea1b43b02c71952b7f58f23f522c22f6c92c603bf25b57,images/843097a796f00c769bea1b43b02c71952b7f58f23f522c22f6c92c603bf25b57.jpg,NewsCLIPpings,,,train,REAL,0,high,NC_PAIRED_REAL,,news,nc_jpeg,g008825,test,core,384,256,JPEG,RGB,47475,843097a796f00c769bea1b43b02c71952b7f58f23f522c22f6c92c603bf25b57,1,1,0
img_8495f146258b5b2e2edae6baf2cf841aef74ec6cffed69141741144863d1a7a9,images/8495f146258b5b2e2edae6baf2cf841aef74ec6cffed69141741144863d1a7a9.png,mmfakebench,gossipcop_midjourney,gossipcop_midjourney,train,AI_GENERATED,1,high,MMFB_MIDJOURNEY_AI,midjourney_v6_named_1024,news,midjourney_v6_named_1024,g009147,test,core,1024,1024,PNG,RGB,1727178,8495f146258b5b2e2edae6baf2cf841aef74ec6cffed69141741144863d1a7a9,1,5,1
img_8549a6cb1352c8a1de7decdae8d74298b3f9385ba824d1b8221044dc000561d0,images/8549a6cb1352c8a1de7decdae8d74298b3f9385ba824d1b8221044dc000561d0.png,mmfakebench,antifact_image_generation,antifact_image_generation,train,AI_GENERATED,1,high,MMFB_ANTIFACT_AI,midjourney_style_1024,news,midjourney_style_1024,g009197,test,core,1024,1024,PNG,RGB,1696967,8549a6cb1352c8a1de7decdae8d74298b3f9385ba824d1b8221044dc000561d0,1,3,1
img_854be05a020de8e3acb5f384938abf2514e43a75ff03d77dcfb61d114a4c26ff,images/854be05a020de8e3acb5f384938abf2514e43a75ff03d77dcfb61d114a4c26ff.jpg,NewsCLIPpings,,,train,REAL,0,high,NC_PAIRED_REAL,,news,nc_jpeg,g009198,test,core,378,255,JPEG,RGB,46331,854be05a020de8e3acb5f384938abf2514e43a75ff03d77dcfb61d114a4c26ff,1,1,0
img_85763878daaa888e6b2f656f2fdf9a2c1c44c3ee4ee9657d7bff14e6b93cee41,images/85763878daaa888e6b2f656f2fdf9a2c1c44c3ee4ee9657d7bff14e6b93cee41.jpg,NewsCLIPpings,,,train,REAL,0,high,NC_PAIRED_REAL,,news,nc_jpeg,g007824,test,core,383,256,JPEG,RGB,15404,85763878daaa888e6b2f656f2fdf9a2c1c44c3ee4ee9657d7bff14e6b93cee41,1,1,0
img_8594955b57c1e7aa946b098c23fd64438f62e026b7e61ee25ef2e10c96f3e891,images/8594955b57c1e7aa946b098c23fd64438f62e026b7e61ee25ef2e10c96f3e891.png,mmfakebench,Newsclipings_person,Newsclipings_person,train,REAL,0,high,MMFB_OOC_REAL,,news,mmfb_visualnews_png,g009226,test,core,256,383,PNG,RGBA,157528,8594955b57c1e7aa946b098c23fd64438f62e026b7e61ee25ef2e10c96f3e891,1,1,0
img_85bd7667f319f9db75ec08971c0cb6e7169ae08e36161c1ae07fb1123c070404,images/85bd7667f319f9db75ec08971c0cb6e7169ae08e36161c1ae07fb1123c070404.png,mmfakebench,antifact_image_generation,antifact_image_generation,train,AI_GENERATED,1,high,MMFB_ANTIFACT_AI,midjourney_style_1024,news,midjourney_style_1024,g009238,test,core,1024,1024,PNG,RGB,1621292,85bd7667f319f9db75ec08971c0cb6e7169ae08e36161c1ae07fb1123c070404,1,3,1
img_85d3436c7681c2064187ec0a09f65e6a148e64e0e451729334eccb34cc06ed6d,images/85d3436c7681c2064187ec0a09f65e6a148e64e0e451729334eccb34cc06ed6d.png,mmfakebench,gossipcop_midjourney,gossipcop_midjourney,train,AI_GENERATED,1,high,MMFB_MIDJOURNEY_AI,midjourney_v6_named_1024,news,midjourney_v6_named_1024,g009243,test,core,1024,1024,PNG,RGBA,1570952,85d3436c7681c2064187ec0a09f65e6a148e64e0e451729334eccb34cc06ed6d,1,5,1
img_865be469ff0e67332ccbb05110c1e79703f02317d6073ceed6e3ebdb52fabe72,images/865be469ff0e67332ccbb05110c1e79703f02317d6073ceed6e3ebdb52fabe72.png,mmfakebench,coco,coco,train,REAL,0,high,MMFB_GENUINE_REAL,,coco,mmfb_coco_real,g009283,test,core,640,427,PNG,RGBA,416682,865be469ff0e67332ccbb05110c1e79703f02317d6073ceed6e3ebdb52fabe72,1,4,0
img_86d34fa798b63fce921ec944f6d4e838932fc9225b111af59b0329ba0f390a3f,images/86d34fa798b63fce921ec944f6d4e838932fc9225b111af59b0329ba0f390a3f.png,mmfakebench,coco_text_edit,coco_text_edit,train,AI_GENERATED,1,medium-high,MMFB_COCO_CF_AI,sd512_counterfactual,coco,sd512_counterfactual,g009309,test,core,512,512,PNG,RGBA,481452,86d34fa798b63fce921ec944f6d4e838932fc9225b111af59b0329ba0f390a3f,1,5,1
img_87a2e285763b0b1ca4e0238a9263bd898576418c8c81762abc64d4c01a51e935,images/87a2e285763b0b1ca4e0238a9263bd898576418c8c81762abc64d4c01a51e935.png,mmfakebench,gossipcop_midjourney,gossipcop_midjourney,train,AI_GENERATED,1,high,MMFB_MIDJOURNEY_AI,midjourney_v6_named_1024,news,midjourney_v6_named_1024,g009350,test,core,1024,1024,PNG,RGB,1824846,87a2e285763b0b1ca4e0238a9263bd898576418c8c81762abc64d4c01a51e935,1,5,1
img_8867af83a73b8a9854f2126b78edf1232a97639eb6a9913666a35e22edd0e296,images/8867af83a73b8a9854f2126b78edf1232a97639eb6a9913666a35e22edd0e296.png,mmfakebench,antifact_image_generation,antifact_image_generation,train,AI_GENERATED,1,high,MMFB_ANTIFACT_AI,midjourney_style_1024,news,midjourney_style_1024,g009393,test,core,1024,1024,PNG,RGBA,1703456,8867af83a73b8a9854f2126b78edf1232a97639eb6a9913666a35e22edd0e296,1,3,1
img_8867c4f32f854256aae29992fafada2b98c4e5065241ae53dafeebd5ddb4e099,images/8867c4f32f854256aae29992fafada2b98c4e5065241ae53dafeebd5ddb4e099.jpg,NewsCLIPpings,,,train,REAL,0,high,NC_PAIRED_REAL,,news,nc_jpeg,g009394,test,core,624,351,JPEG,RGB,40668,8867c4f32f854256aae29992fafada2b98c4e5065241ae53dafeebd5ddb4e099,1,1,0
img_8911da34a0372d67c35bd7c3a7e107fe00434601c1f9faff09aadfa390336866,images/8911da34a0372d67c35bd7c3a7e107fe00434601c1f9faff09aadfa390336866.jpg,NewsCLIPpings,,,train,REAL,0,high,NC_PAIRED_REAL,,news,nc_jpeg,g003240,test,core,381,256,JPEG,RGB,19400,8911da34a0372d67c35bd7c3a7e107fe00434601c1f9faff09aadfa390336866,1,4,0
img_8a04f89db3e25d4d5bc2d76464b373a910fd24c05db632b8bce86a0ddcb7abdb,images/8a04f89db3e25d4d5bc2d76464b373a910fd24c05db632b8bce86a0ddcb7abdb.png,mmfakebench,fakeddit,fakeddit,train,REAL,0,medium-high,MMFB_GENUINE_REAL,,fakeddit,mmfb_fakeddit_real,g009506,test,core,320,244,PNG,RGBA,137623,8a04f89db3e25d4d5bc2d76464b373a910fd24c05db632b8bce86a0ddcb7abdb,1,4,0
img_8aa1f2b931286c0b0787e3fa639f751e20fb984dc796cee42e16347e7156e659,images/8aa1f2b931286c0b0787e3fa639f751e20fb984dc796cee42e16347e7156e659.png,mmfakebench,fever_AI,fever_AI,train,AI_GENERATED,1,high,MMFB_FEVER_AI,dalle3_style_1024,news,dalle3_style_1024,g009546,test,core,1024,1024,PNG,RGB,1804603,8aa1f2b931286c0b0787e3fa639f751e20fb984dc796cee42e16347e7156e659,1,5,1
img_8ab774e1f6f2a260d8024776242f460ec1d90b316af30654fc9ebefee803c2b2,images/8ab774e1f6f2a260d8024776242f460ec1d90b316af30654fc9ebefee803c2b2.png,mmfakebench,rumor_match,rumor_match,train,REAL,0,high,MMFB_FAKE_TEXT_REAL_IMAGE,,news,mmfb_visualnews_png,g009550,test,core,425,255,PNG,RGBA,147638,8ab774e1f6f2a260d8024776242f460ec1d90b316af30654fc9ebefee803c2b2,1,2,0
img_8adca1f1ecb0c5aed5fb0983ec13a9984f8395fc4906a4d5284f4eab37da4c27,images/8adca1f1ecb0c5aed5fb0983ec13a9984f8395fc4906a4d5284f4eab37da4c27.png,mmfakebench,bbc,bbc,train,REAL,0,high,MMFB_GENUINE_REAL,,news,mmfb_visualnews_png,g009558,test,core,464,261,PNG,RGBA,231992,8adca1f1ecb0c5aed5fb0983ec13a9984f8395fc4906a4d5284f4eab37da4c27,1,4,0
img_8b22d173ec35c223dbe4915d54d4ba30d4db361fd723cd87808dd12e6ee8793a,images/8b22d173ec35c223dbe4915d54d4ba30d4db361fd723cd87808dd12e6ee8793a.png,mmfakebench,bbc,bbc,train,REAL,0,high,MMFB_GENUINE_REAL,,news,mmfb_visualnews_png,g009579,test,core,624,351,PNG,RGBA,537321,8b22d173ec35c223dbe4915d54d4ba30d4db361fd723cd87808dd12e6ee8793a,1,4,0
img_8bb34c44f24c5e3fc8b24c3347446330df780fe6e5c87aa5edaf62c2a4b4c2b3,images/8bb34c44f24c5e3fc8b24c3347446330df780fe6e5c87aa5edaf62c2a4b4c2b3.jpg,NewsCLIPpings,,,train,REAL,0,high,NC_PAIRED_REAL,,news,nc_jpeg,g008035,test,core,426,256,JPEG,RGB,29276,8bb34c44f24c5e3fc8b24c3347446330df780fe6e5c87aa5edaf62c2a4b4c2b3,1,4,0
img_8beb7e3182a5880e63d7fcaa3635e4ee91e7087704d0ca650cde7c9d1bdbcce6,images/8beb7e3182a5880e63d7fcaa3635e4ee91e7087704d0ca650cde7c9d1bdbcce6.png,mmfakebench,coco_image_edit,coco_image_edit,train,AI_GENERATED,1,medium-high,MMFB_COCO_CF_AI,sd512_counterfactual,coco,sd512_counterfactual,g009631,test,core,512,512,PNG,RGBA,277393,8beb7e3182a5880e63d7fcaa3635e4ee91e7087704d0ca650cde7c9d1bdbcce6,1,3,1
img_8bfe4907a9efc69ad90a1b348635a1abbca7164e14cfc92fabfa485a229ac034,images/8bfe4907a9efc69ad90a1b348635a1abbca7164e14cfc92fabfa485a229ac034.png,mmfakebench,coco_text_edit,coco_text_edit,train,AI_GENERATED,1,medium-high,MMFB_COCO_CF_AI,sd512_counterfactual,coco,sd512_counterfactual,g009638,test,core,512,512,PNG,RGBA,410787,8bfe4907a9efc69ad90a1b348635a1abbca7164e14cfc92fabfa485a229ac034,1,5,1
img_8c73260037f7c689a9cc78368da18f5c223678c6afe9c412ebb0d6c156383b93,images/8c73260037f7c689a9cc78368da18f5c223678c6afe9c412ebb0d6c156383b93.png,mmfakebench,coco_image_edit,coco_image_edit,train,AI_GENERATED,1,medium-high,MMFB_COCO_CF_AI,sd512_counterfactual,coco,sd512_counterfactual,g009676,test,core,512,512,PNG,RGBA,298000,8c73260037f7c689a9cc78368da18f5c223678c6afe9c412ebb0d6c156383b93,1,3,1
img_8c842ee87ead6c953679b81c6dbedc842de0f6a0648a26b2696b43871d280682,images/8c842ee87ead6c953679b81c6dbedc842de0f6a0648a26b2696b43871d280682.png,mmfakebench,coco,coco,train,REAL,0,high,MMFB_GENUINE_REAL,,coco,mmfb_coco_real,g009681,test,core,500,375,PNG,RGBA,284275,8c842ee87ead6c953679b81c6dbedc842de0f6a0648a26b2696b43871d280682,1,4,0
img_8c9a5216a4a7a0cb07a2c77c46fa8a3c1e695f2dc0ef2cfacc17c5e207ef7042,images/8c9a5216a4a7a0cb07a2c77c46fa8a3c1e695f2dc0ef2cfacc17c5e207ef7042.jpg,NewsCLIPpings,,,train,REAL,0,high,NC_PAIRED_REAL,,news,nc_jpeg,g009689,test,core,464,261,JPEG,RGB,35929,8c9a5216a4a7a0cb07a2c77c46fa8a3c1e695f2dc0ef2cfacc17c5e207ef7042,1,4,0
img_8ce47c70e4fbd9a40181407691ea7d7ae9c6b2b6494bb74d0aa063753d779ff0,images/8ce47c70e4fbd9a40181407691ea7d7ae9c6b2b6494bb74d0aa063753d779ff0.png,mmfakebench,bbc,bbc,train,REAL,0,high,MMFB_GENUINE_REAL,,news,mmfb_visualnews_png,g009708,test,core,976,549,PNG,RGBA,468009,8ce47c70e4fbd9a40181407691ea7d7ae9c6b2b6494bb74d0aa063753d779ff0,1,4,0
img_8cea8104e705fe9395e8094cd16c252d63303c59d289a3b1e5dbe6c28ca45af0,images/8cea8104e705fe9395e8094cd16c252d63303c59d289a3b1e5dbe6c28ca45af0.png,mmfakebench,coco,coco,train,REAL,0,high,MMFB_GENUINE_REAL,,coco,mmfb_coco_real,g009711,test,core,640,480,PNG,RGBA,616131,8cea8104e705fe9395e8094cd16c252d63303c59d289a3b1e5dbe6c28ca45af0,1,4,0
img_8d3a41c5e49c7378b9c9fd7434d09a957db7cb06687e694c318b0ab338001341,images/8d3a41c5e49c7378b9c9fd7434d09a957db7cb06687e694c318b0ab338001341.png,mmfakebench,fakeddit,fakeddit,train,REAL,0,medium-high,MMFB_GENUINE_REAL,,fakeddit,mmfb_fakeddit_real,g009726,test,core,320,240,PNG,RGBA,99018,8d3a41c5e49c7378b9c9fd7434d09a957db7cb06687e694c318b0ab338001341,1,4,0
img_8dc340bd34f46c59a42661a86d6d51640bf9f43c6d379e1eb18c6ad2ba78f2e1,images/8dc340bd34f46c59a42661a86d6d51640bf9f43c6d379e1eb18c6ad2ba78f2e1.png,mmfakebench,Fakeddit_photo_edit,Fakeddit_photo_edit,train,MANIPULATED,2,medium-high,MMFB_PHOTO_EDIT_MANIPULATED,,fakeddit,fakeddit_photo_edit,g009767,test,core,550,309,PNG,RGBA,179849,8dc340bd34f46c59a42661a86d6d51640bf9f43c6d379e1eb18c6ad2ba78f2e1,1,3,1
img_8f3f786446af59ad5f32339006176349c78bc5f77ea69d143851f47cff9ece38,images/8f3f786446af59ad5f32339006176349c78bc5f77ea69d143851f47cff9ece38.png,mmfakebench,Fakeddit_photo_edit,Fakeddit_photo_edit,train,MANIPULATED,2,medium-high,MMFB_PHOTO_EDIT_MANIPULATED,,fakeddit,fakeddit_photo_edit,g009859,test,core,960,768,PNG,RGBA,911130,8f3f786446af59ad5f32339006176349c78bc5f77ea69d143851f47cff9ece38,1,3,1
img_902e7d62d338c3e1dcb5ce81c6b6f2019afe95826173e03c157b0f351ed4c2e6,images/902e7d62d338c3e1dcb5ce81c6b6f2019afe95826173e03c157b0f351ed4c2e6.png,mmfakebench,usa_today,usa_today,train,REAL,0,high,MMFB_GENUINE_REAL,,news,mmfb_visualnews_png,g009919,test,core,432,256,PNG,RGBA,226062,902e7d62d338c3e1dcb5ce81c6b6f2019afe95826173e03c157b0f351ed4c2e6,1,4,0
img_9030bc649da097bb2711d9874395ba9d7f20ab3e471134666818cb61253d273e,images/9030bc649da097bb2711d9874395ba9d7f20ab3e471134666818cb61253d273e.png,mmfakebench,fever_AI,fever_AI,train,AI_GENERATED,1,high,MMFB_FEVER_AI,dalle3_style_1024,news,dalle3_style_1024,g009920,test,core,1024,1024,PNG,RGB,1801711,9030bc649da097bb2711d9874395ba9d7f20ab3e471134666818cb61253d273e,1,5,1
img_90914f2e4e5c6531a04e3a76e76119d00f2e204879314c93fca375353dfd7a66,images/90914f2e4e5c6531a04e3a76e76119d00f2e204879314c93fca375353dfd7a66.png,mmfakebench,fever_AI,fever_AI,train,AI_GENERATED,1,high,MMFB_FEVER_AI,dalle3_style_1024,news,dalle3_style_1024,g009949,test,core,1024,1024,PNG,RGBA,1786814,90914f2e4e5c6531a04e3a76e76119d00f2e204879314c93fca375353dfd7a66,1,5,1
img_90ae9d5b7c2e34653fbf934851197495f67e919e9227615cbb5366480177ac64,images/90ae9d5b7c2e34653fbf934851197495f67e919e9227615cbb5366480177ac64.png,mmfakebench,coco_text_edit,coco_text_edit,train,AI_GENERATED,1,medium-high,MMFB_COCO_CF_AI,sd512_counterfactual,coco,sd512_counterfactual,g009963,test,core,512,512,PNG,RGBA,333928,90ae9d5b7c2e34653fbf934851197495f67e919e9227615cbb5366480177ac64,1,5,1
img_90b6bf409ceb4e3061e2f4d358df084589e4d4b4b2aa317af996e1994770cb3a,images/90b6bf409ceb4e3061e2f4d358df084589e4d4b4b2aa317af996e1994770cb3a.jpg,NewsCLIPpings,,,train,REAL,0,high,NC_PAIRED_REAL,,news,nc_jpeg,g009964,test,core,768,432,JPEG,RGB,64190,90b6bf409ceb4e3061e2f4d358df084589e4d4b4b2aa317af996e1994770cb3a,1,1,0
img_910da94bc0221c323b342fdbb3664dad06869599602e3265abbb0158d3587e09,images/910da94bc0221c323b342fdbb3664dad06869599602e3265abbb0158d3587e09.png,mmfakebench,coco,coco,train,REAL,0,high,MMFB_GENUINE_REAL,,coco,mmfb_coco_real,g009989,test,core,600,450,PNG,RGBA,481535,910da94bc0221c323b342fdbb3664dad06869599602e3265abbb0158d3587e09,1,4,0
img_91208d14c2006dd3220ca90ba2e95aac853e6409ca8bc37be6be237e3218dfa5,images/91208d14c2006dd3220ca90ba2e95aac853e6409ca8bc37be6be237e3218dfa5.jpg,NewsCLIPpings,,,train,REAL,0,high,NC_PAIRED_REAL,,news,nc_jpeg,g009996,test,core,624,351,JPEG,RGB,38856,91208d14c2006dd3220ca90ba2e95aac853e6409ca8bc37be6be237e3218dfa5,1,4,0
img_92b58f901a05cf54244f8fa2f8c478a8dc9db4b5b4b36fee01f64471517fb683,images/92b58f901a05cf54244f8fa2f8c478a8dc9db4b5b4b36fee01f64471517fb683.png,mmfakebench,fever_AI,fever_AI,train,AI_GENERATED,1,high,MMFB_FEVER_AI,dalle3_style_1024,news,dalle3_style_1024,g010108,test,core,1024,1024,PNG,RGB,1428306,92b58f901a05cf54244f8fa2f8c478a8dc9db4b5b4b36fee01f64471517fb683,1,5,1
img_92c5ca0cff75c3f0bb52d27bdee3db8713667a6aebb83221ebd09b4826837fa1,images/92c5ca0cff75c3f0bb52d27bdee3db8713667a6aebb83221ebd09b4826837fa1.png,mmfakebench,coco,coco,train,REAL,0,high,MMFB_GENUINE_REAL,,coco,mmfb_coco_real,g010113,test,core,640,480,PNG,RGBA,308762,92c5ca0cff75c3f0bb52d27bdee3db8713667a6aebb83221ebd09b4826837fa1,1,4,0
img_930bf01905e9e4ba3b5c8c4060a57aef6d56ff2ef15012525bf96d06c02e0ba8,images/930bf01905e9e4ba3b5c8c4060a57aef6d56ff2ef15012525bf96d06c02e0ba8.png,mmfakebench,fever_AI,fever_AI,train,AI_GENERATED,1,high,MMFB_FEVER_AI,dalle3_style_1024,news,dalle3_style_1024,g010129,test,core,1024,1024,PNG,RGB,1911115,930bf01905e9e4ba3b5c8c4060a57aef6d56ff2ef15012525bf96d06c02e0ba8,1,5,1
img_938477cb150db3dee90341ade407877d665bab0ae6860d00f5f16b0bc6426a52,images/938477cb150db3dee90341ade407877d665bab0ae6860d00f5f16b0bc6426a52.png,mmfakebench,Fakeddit_photo_edit,Fakeddit_photo_edit,train,MANIPULATED,2,medium-high,MMFB_PHOTO_EDIT_MANIPULATED,,fakeddit,fakeddit_photo_edit,g010168,test,core,908,1141,PNG,RGBA,1551635,938477cb150db3dee90341ade407877d665bab0ae6860d00f5f16b0bc6426a52,1,3,1
img_93db76a626fc0831ef541f73e40dfee19c3b2a8a8d98f4104edea483e0d61a02,images/93db76a626fc0831ef541f73e40dfee19c3b2a8a8d98f4104edea483e0d61a02.jpg,NewsCLIPpings,,,train,REAL,0,high,NC_PAIRED_REAL,,news,nc_jpeg,g002781,test,core,351,256,JPEG,RGB,22342,93db76a626fc0831ef541f73e40dfee19c3b2a8a8d98f4104edea483e0d61a02,1,1,0
img_942a13fcfbc839ffbf3ac9c7d91d4a134e85cdc85cf5f7ea1dae5f517fafc475,images/942a13fcfbc839ffbf3ac9c7d91d4a134e85cdc85cf5f7ea1dae5f517fafc475.jpg,NewsCLIPpings,,,train,REAL,0,high,NC_PAIRED_REAL,,news,nc_jpeg,g010199,test,core,384,256,JPEG,RGB,25249,942a13fcfbc839ffbf3ac9c7d91d4a134e85cdc85cf5f7ea1dae5f517fafc475,1,4,0
img_9451f75f458c56f8d08955f88d5b31d2f0e3c5f96e76576d68b765114b825e69,images/9451f75f458c56f8d08955f88d5b31d2f0e3c5f96e76576d68b765114b825e69.png,mmfakebench,fever_AI,fever_AI,train,AI_GENERATED,1,high,MMFB_FEVER_AI,dalle3_style_1024,news,dalle3_style_1024,g010215,test,core,1024,1024,PNG,RGBA,2214972,9451f75f458c56f8d08955f88d5b31d2f0e3c5f96e76576d68b765114b825e69,1,5,1
img_948a86d9f749e1c2034dafb56e5e26507b53f86f40a517661f865108462317f3,images/948a86d9f749e1c2034dafb56e5e26507b53f86f40a517661f865108462317f3.png,mmfakebench,antifact_image_generation,antifact_image_generation,train,AI_GENERATED,1,high,MMFB_ANTIFACT_AI,midjourney_style_1024,news,midjourney_style_1024,g010236,test,core,1024,1024,PNG,RGB,1749809,948a86d9f749e1c2034dafb56e5e26507b53f86f40a517661f865108462317f3,1,3,1
img_94b2d6e8a2e49704f9b4b5f6ba4b7f2f7424b569bd4f0396d3c073a017d13c04,images/94b2d6e8a2e49704f9b4b5f6ba4b7f2f7424b569bd4f0396d3c073a017d13c04.png,mmfakebench,coco_text_edit,coco_text_edit,train,AI_GENERATED,1,medium-high,MMFB_COCO_CF_AI,sd512_counterfactual,coco,sd512_counterfactual,g010249,test,core,512,512,PNG,RGBA,297487,94b2d6e8a2e49704f9b4b5f6ba4b7f2f7424b569bd4f0396d3c073a017d13c04,1,5,1
img_953d83be12fe2df2bd21290d88aaf38f7ae37a14358752d3eda798db0896cb27,images/953d83be12fe2df2bd21290d88aaf38f7ae37a14358752d3eda798db0896cb27.png,mmfakebench,coco_text_edit,coco_text_edit,train,AI_GENERATED,1,medium-high,MMFB_COCO_CF_AI,sd512_counterfactual,coco,sd512_counterfactual,g010287,test,core,512,512,PNG,RGBA,279581,953d83be12fe2df2bd21290d88aaf38f7ae37a14358752d3eda798db0896cb27,1,5,1
img_95723420c2a9b1abfac2b53f80468934a06335292059e739bb5b64a720eed1f4,images/95723420c2a9b1abfac2b53f80468934a06335292059e739bb5b64a720eed1f4.jpg,NewsCLIPpings,,,train,REAL,0,high,NC_PAIRED_REAL,,news,nc_jpeg,g010309,test,core,384,256,JPEG,RGB,17226,95723420c2a9b1abfac2b53f80468934a06335292059e739bb5b64a720eed1f4,1,4,0
img_957a52f7a08a571f79162217c456e85f263a5726e1367488f975eed2c388926d,images/957a52f7a08a571f79162217c456e85f263a5726e1367488f975eed2c388926d.png,mmfakebench,gossipcop_midjourney,gossipcop_midjourney,train,AI_GENERATED,1,high,MMFB_MIDJOURNEY_AI,midjourney_v6_named_1024,news,midjourney_v6_named_1024,g010315,test,core,1024,1024,PNG,RGBA,2003298,957a52f7a08a571f79162217c456e85f263a5726e1367488f975eed2c388926d,1,5,1
img_95c9453a2fdcd749d62c71372b136980cd11b6991a7b46122c0034b3d5987926,images/95c9453a2fdcd749d62c71372b136980cd11b6991a7b46122c0034b3d5987926.png,mmfakebench,coco,coco,train,REAL,0,high,MMFB_GENUINE_REAL,,coco,mmfb_coco_real,g010344,test,core,640,427,PNG,RGBA,613601,95c9453a2fdcd749d62c71372b136980cd11b6991a7b46122c0034b3d5987926,1,4,0
img_961df42978a0c26d58957263dc20a7ebcc5f73f4c990b149799bbd03ed742acc,images/961df42978a0c26d58957263dc20a7ebcc5f73f4c990b149799bbd03ed742acc.png,mmfakebench,Fakeddit_photo_edit,Fakeddit_photo_edit,train,MANIPULATED,2,medium-high,MMFB_PHOTO_EDIT_MANIPULATED,,fakeddit,fakeddit_photo_edit,g010371,test,core,480,805,PNG,RGBA,494398,961df42978a0c26d58957263dc20a7ebcc5f73f4c990b149799bbd03ed742acc,1,3,1
img_96742642aa7c7c36d936ad4392e9deca9a9693a3733dd293041b619bdcb37832,images/96742642aa7c7c36d936ad4392e9deca9a9693a3733dd293041b619bdcb37832.png,mmfakebench,coco,coco,train,REAL,0,high,MMFB_GENUINE_REAL,,coco,mmfb_coco_real,g010385,test,core,427,640,PNG,RGBA,275639,96742642aa7c7c36d936ad4392e9deca9a9693a3733dd293041b619bdcb37832,1,4,0
img_9745614c468815bf54f4fac7ed3470433ba72b10bf31877ec4c53367a54817f0,images/9745614c468815bf54f4fac7ed3470433ba72b10bf31877ec4c53367a54817f0.png,mmfakebench,antifact_image_generation,antifact_image_generation,train,AI_GENERATED,1,high,MMFB_ANTIFACT_AI,midjourney_style_1024,news,midjourney_style_1024,g010440,test,core,1024,1024,PNG,RGB,1593343,9745614c468815bf54f4fac7ed3470433ba72b10bf31877ec4c53367a54817f0,1,3,1
img_98a02e70ef9e2a229f37cbf3560335553b377b681b7a79379b0b6192478a5dbe,images/98a02e70ef9e2a229f37cbf3560335553b377b681b7a79379b0b6192478a5dbe.png,mmfakebench,llm_gossip_md_generation,llm_gossip_md_generation,train,AI_GENERATED,1,high,MMFB_LLM_AI,llm_1024_mixed,news,llm_1024_mixed,g010522,test,core,1024,1024,PNG,RGBA,1618467,98a02e70ef9e2a229f37cbf3560335553b377b681b7a79379b0b6192478a5dbe,1,5,1
img_98a70d534675d5279606229f945efaf111f73e51776ab0436867bf72aa1500e7,images/98a70d534675d5279606229f945efaf111f73e51776ab0436867bf72aa1500e7.jpg,newsclippings,guardian,guardian,train,REAL,0,high,NC_SUPPLEMENT_REAL,,news,nc_jpeg,g010523,test,core,304,256,JPEG,RGB,28300,98a70d534675d5279606229f945efaf111f73e51776ab0436867bf72aa1500e7,1,4,0
img_99886e325056170659571e9b89f55a51acc41f582cdd74cfe330a0cd97329979,images/99886e325056170659571e9b89f55a51acc41f582cdd74cfe330a0cd97329979.png,mmfakebench,fakeddit,fakeddit,train,REAL,0,medium-high,MMFB_GENUINE_REAL,,fakeddit,mmfb_fakeddit_real,g010585,test,core,320,427,PNG,RGBA,222394,99886e325056170659571e9b89f55a51acc41f582cdd74cfe330a0cd97329979,1,4,0
img_99f0851c38c49263b99799cb59db097153351c4444ca9b44c630f36aa5a8e34e,images/99f0851c38c49263b99799cb59db097153351c4444ca9b44c630f36aa5a8e34e.png,mmfakebench,bbc,bbc,train,REAL,0,high,MMFB_GENUINE_REAL,,news,mmfb_visualnews_png,g010609,test,core,464,261,PNG,RGBA,221531,99f0851c38c49263b99799cb59db097153351c4444ca9b44c630f36aa5a8e34e,1,4,0
img_99f7a48e8c6b490164929ab5d99086686a4a6aa4aaead96d5a4a6ec64bcc05bf,images/99f7a48e8c6b490164929ab5d99086686a4a6aa4aaead96d5a4a6ec64bcc05bf.png,mmfakebench,Newsclipings_person,Newsclipings_person,train,REAL,0,high,MMFB_OOC_REAL,,news,mmfb_visualnews_png,g010612,test,core,417,256,PNG,RGBA,213780,99f7a48e8c6b490164929ab5d99086686a4a6aa4aaead96d5a4a6ec64bcc05bf,1,1,0
img_9a7d2ec47562f6608b7362f3be4dda39bf389589778b2757816ff6e42866a677,images/9a7d2ec47562f6608b7362f3be4dda39bf389589778b2757816ff6e42866a677.png,mmfakebench,fever_AI,fever_AI,train,AI_GENERATED,1,high,MMFB_FEVER_AI,dalle3_style_1024,news,dalle3_style_1024,g010651,test,core,1024,1024,PNG,RGBA,1910476,9a7d2ec47562f6608b7362f3be4dda39bf389589778b2757816ff6e42866a677,1,5,1
img_9b116a3ccaa424cb043a2f70c2562fa4022286ac1cd09dd6c05b9c525856f6bf,images/9b116a3ccaa424cb043a2f70c2562fa4022286ac1cd09dd6c05b9c525856f6bf.png,mmfakebench,coco,coco,train,REAL,0,high,MMFB_GENUINE_REAL,,coco,mmfb_coco_real,g010687,test,core,500,333,PNG,RGBA,170599,9b116a3ccaa424cb043a2f70c2562fa4022286ac1cd09dd6c05b9c525856f6bf,1,4,0
img_9b8937611e153ef78ff709c31db0ad818b2e9d4b1438820c67730c4f9d1d6640,images/9b8937611e153ef78ff709c31db0ad818b2e9d4b1438820c67730c4f9d1d6640.png,mmfakebench,llm_gossip_md_generation,llm_gossip_md_generation,train,AI_GENERATED,1,high,MMFB_LLM_AI,llm_1024_mixed,news,llm_1024_mixed,g010715,test,core,1024,1024,PNG,RGBA,1625627,9b8937611e153ef78ff709c31db0ad818b2e9d4b1438820c67730c4f9d1d6640,1,5,1
img_9b8b8ff0c1e0081c6ae526d78459374165617c6920824289daba5d970ddb17b5,images/9b8b8ff0c1e0081c6ae526d78459374165617c6920824289daba5d970ddb17b5.png,mmfakebench,bbc,bbc,train,REAL,0,high,MMFB_GENUINE_REAL,,news,mmfb_visualnews_png,g010717,test,core,624,351,PNG,RGBA,325649,9b8b8ff0c1e0081c6ae526d78459374165617c6920824289daba5d970ddb17b5,1,4,0
img_9bba67cbbf07defbf98f15159057583b6afa38941bc6542e95a55a75341a7afb,images/9bba67cbbf07defbf98f15159057583b6afa38941bc6542e95a55a75341a7afb.png,mmfakebench,Newsclipings_scene,Newsclipings_scene,train,REAL,0,high,MMFB_OOC_REAL,,news,mmfb_visualnews_png,g010730,test,core,976,549,PNG,RGBA,1481992,9bba67cbbf07defbf98f15159057583b6afa38941bc6542e95a55a75341a7afb,1,1,0
img_9c67bc0812df17816113ab0695268478dd5393c91278e1ec86a44605f36a39d1,images/9c67bc0812df17816113ab0695268478dd5393c91278e1ec86a44605f36a39d1.png,mmfakebench,rumor_match,rumor_match,train,REAL,0,high,MMFB_FAKE_TEXT_REAL_IMAGE,,news,mmfb_visualnews_png,g010766,test,core,256,384,PNG,RGBA,126360,9c67bc0812df17816113ab0695268478dd5393c91278e1ec86a44605f36a39d1,1,2,0
img_9c8801e16963ca57671a8dd24e699c7db71317566e91d01e52ec1a523c7964b8,images/9c8801e16963ca57671a8dd24e699c7db71317566e91d01e52ec1a523c7964b8.png,mmfakebench,antifact_image_generation,antifact_image_generation,train,AI_GENERATED,1,high,MMFB_ANTIFACT_AI,midjourney_style_1024,news,midjourney_style_1024,g010778,test,core,1024,1024,PNG,RGB,1634312,9c8801e16963ca57671a8dd24e699c7db71317566e91d01e52ec1a523c7964b8,1,3,1
img_9cfe8ecbc0789ef9801747df53e1c8253ce0b37df680d68ceddfd1f3e077a82e,images/9cfe8ecbc0789ef9801747df53e1c8253ce0b37df680d68ceddfd1f3e077a82e.png,mmfakebench,coco_image_edit,coco_image_edit,train,AI_GENERATED,1,medium-high,MMFB_COCO_CF_AI,sd512_counterfactual,coco,sd512_counterfactual,g010813,test,core,512,512,PNG,RGBA,282044,9cfe8ecbc0789ef9801747df53e1c8253ce0b37df680d68ceddfd1f3e077a82e,1,3,1
img_9d40132d629e7d2d8f939e5e3ff68fbec4c1554bf44603f93a0f1c960b3b83d5,images/9d40132d629e7d2d8f939e5e3ff68fbec4c1554bf44603f93a0f1c960b3b83d5.jpg,NewsCLIPpings,,,train,REAL,0,high,NC_PAIRED_REAL,,news,nc_jpeg,g003223,test,core,426,256,JPEG,RGB,53681,9d40132d629e7d2d8f939e5e3ff68fbec4c1554bf44603f93a0f1c960b3b83d5,1,1,0
img_9dad032827395a33ff3320872897853ddfed6765cec07b790b7a781cc3662765,images/9dad032827395a33ff3320872897853ddfed6765cec07b790b7a781cc3662765.png,mmfakebench,Fakeddit_photo_edit,Fakeddit_photo_edit,train,MANIPULATED,2,medium-high,MMFB_PHOTO_EDIT_MANIPULATED,,fakeddit,fakeddit_photo_edit,g010845,test,core,989,742,PNG,RGBA,1464830,9dad032827395a33ff3320872897853ddfed6765cec07b790b7a781cc3662765,1,3,1
img_9de1c33c9ee24da8819212def19ff19451652ad52d8b92444d4c198b6f804c71,images/9de1c33c9ee24da8819212def19ff19451652ad52d8b92444d4c198b6f804c71.png,mmfakebench,Fakeddit_photo_edit,Fakeddit_photo_edit,train,MANIPULATED,2,medium-high,MMFB_PHOTO_EDIT_MANIPULATED,,fakeddit,fakeddit_photo_edit,g010851,test,core,720,720,PNG,RGBA,878633,9de1c33c9ee24da8819212def19ff19451652ad52d8b92444d4c198b6f804c71,1,3,1
img_9e49236cfb4523f9a7e70b847b987f7cbc6de4af932eb1fa26225334029a1912,images/9e49236cfb4523f9a7e70b847b987f7cbc6de4af932eb1fa26225334029a1912.png,mmfakebench,fakeddit,fakeddit,train,REAL,0,medium-high,MMFB_GENUINE_REAL,,fakeddit,mmfb_fakeddit_real,g010885,test,core,320,427,PNG,RGBA,186718,9e49236cfb4523f9a7e70b847b987f7cbc6de4af932eb1fa26225334029a1912,1,4,0
img_9e59db8f195e3cc5150c61ac23a336174d256f66ca057283a56c08a89f08a1ac,images/9e59db8f195e3cc5150c61ac23a336174d256f66ca057283a56c08a89f08a1ac.jpg,newsclippings,guardian,guardian,train,REAL,0,high,NC_SUPPLEMENT_REAL,,news,nc_jpeg,g010891,test,core,256,320,JPEG,RGB,38040,9e59db8f195e3cc5150c61ac23a336174d256f66ca057283a56c08a89f08a1ac,1,4,0
img_9ea3b8803d8755b0f3d7ebc7802ae2303493824ea5fa8af4d2a2e7d09fa5a549,images/9ea3b8803d8755b0f3d7ebc7802ae2303493824ea5fa8af4d2a2e7d09fa5a549.png,mmfakebench,Newsclipings_scene,Newsclipings_scene,train,REAL,0,high,MMFB_OOC_REAL,,news,mmfb_visualnews_png,g010914,test,core,426,256,PNG,RGBA,108869,9ea3b8803d8755b0f3d7ebc7802ae2303493824ea5fa8af4d2a2e7d09fa5a549,1,1,0
img_9f0b9ac928753aaccd724eb70d42fb68628f262013698046302fd605f716a0c2,images/9f0b9ac928753aaccd724eb70d42fb68628f262013698046302fd605f716a0c2.png,mmfakebench,Fakeddit_photo_edit,Fakeddit_photo_edit,train,MANIPULATED,2,medium-high,MMFB_PHOTO_EDIT_MANIPULATED,,fakeddit,fakeddit_photo_edit,g010949,test,core,940,705,PNG,RGBA,931567,9f0b9ac928753aaccd724eb70d42fb68628f262013698046302fd605f716a0c2,1,3,1
img_9f6064d7a84f43dbaebde1e2061128e80c6f39e2464f3fc3494a0fe30653d03c,images/9f6064d7a84f43dbaebde1e2061128e80c6f39e2464f3fc3494a0fe30653d03c.png,mmfakebench,coco_text_edit,coco_text_edit,train,AI_GENERATED,1,medium-high,MMFB_COCO_CF_AI,sd512_counterfactual,coco,sd512_counterfactual,g010972,test,core,512,512,PNG,RGBA,309448,9f6064d7a84f43dbaebde1e2061128e80c6f39e2464f3fc3494a0fe30653d03c,1,5,1
img_9f91b0d850d8acb923fd01f3945aa1ec28665658afd9c9587be533b5ae4d98db,images/9f91b0d850d8acb923fd01f3945aa1ec28665658afd9c9587be533b5ae4d98db.png,mmfakebench,Fakeddit_photo_edit,Fakeddit_photo_edit,train,MANIPULATED,2,medium-high,MMFB_PHOTO_EDIT_MANIPULATED,,fakeddit,fakeddit_photo_edit,g010982,test,core,1024,768,PNG,RGBA,1291202,9f91b0d850d8acb923fd01f3945aa1ec28665658afd9c9587be533b5ae4d98db,1,3,1
img_a1b3578f65fad46751302dfad3818b05d51306de299d6dcf980fe92611df7176,images/a1b3578f65fad46751302dfad3818b05d51306de299d6dcf980fe92611df7176.png,mmfakebench,Fakeddit_photo_edit,Fakeddit_photo_edit,train,MANIPULATED,2,medium-high,MMFB_PHOTO_EDIT_MANIPULATED,,fakeddit,fakeddit_photo_edit,g011124,test,core,2895,2067,PNG,RGBA,5951295,a1b3578f65fad46751302dfad3818b05d51306de299d6dcf980fe92611df7176,1,3,1
img_a1dbc52d0194e593b9dab4e40e5756177f54f055ee5a3d1e143fbea53137ff37,images/a1dbc52d0194e593b9dab4e40e5756177f54f055ee5a3d1e143fbea53137ff37.png,mmfakebench,fakeddit,fakeddit,train,REAL,0,medium-high,MMFB_GENUINE_REAL,,fakeddit,mmfb_fakeddit_real,g011137,test,core,320,427,PNG,RGBA,345176,a1dbc52d0194e593b9dab4e40e5756177f54f055ee5a3d1e143fbea53137ff37,1,4,0
img_a1ee16898d9ce1c330b2bdc26a40f6f232df0834965f24fb33ea3dbea5949251,images/a1ee16898d9ce1c330b2bdc26a40f6f232df0834965f24fb33ea3dbea5949251.png,mmfakebench,coco,coco,train,REAL,0,high,MMFB_GENUINE_REAL,,coco,mmfb_coco_real,g011141,test,core,640,360,PNG,RGBA,445636,a1ee16898d9ce1c330b2bdc26a40f6f232df0834965f24fb33ea3dbea5949251,1,4,0
img_a1eedc5f41ab30f8ac7f09baf5b8897bf777c9f14026f7f61f0b7568013bf524,images/a1eedc5f41ab30f8ac7f09baf5b8897bf777c9f14026f7f61f0b7568013bf524.jpg,NewsCLIPpings,,,train,REAL,0,high,NC_PAIRED_REAL,,news,nc_jpeg,g011142,test,core,426,256,JPEG,RGB,57951,a1eedc5f41ab30f8ac7f09baf5b8897bf777c9f14026f7f61f0b7568013bf524,1,1,0
img_a233383c2769c67681fbf0a7f1880f761da2d7bf1486b7a4cc80b28b7019a318,images/a233383c2769c67681fbf0a7f1880f761da2d7bf1486b7a4cc80b28b7019a318.png,mmfakebench,coco_text_edit,coco_text_edit,train,AI_GENERATED,1,medium-high,MMFB_COCO_CF_AI,sd512_counterfactual,coco,sd512_counterfactual,g011161,test,core,512,512,PNG,RGBA,165854,a233383c2769c67681fbf0a7f1880f761da2d7bf1486b7a4cc80b28b7019a318,1,5,1
img_a32a7ef752d128632987055e9456915dd18c01044ced540fb3fd0e6080e74f20,images/a32a7ef752d128632987055e9456915dd18c01044ced540fb3fd0e6080e74f20.png,mmfakebench,usa_today,usa_today,train,REAL,0,high,MMFB_GENUINE_REAL,,news,mmfb_visualnews_png,g011223,test,core,435,256,PNG,RGBA,205069,a32a7ef752d128632987055e9456915dd18c01044ced540fb3fd0e6080e74f20,1,4,0
img_a3e461cfd02017eb2f60b24c58253b2e492043c02f36e35e7c3e13e26c507381,images/a3e461cfd02017eb2f60b24c58253b2e492043c02f36e35e7c3e13e26c507381.png,mmfakebench,coco_image_edit,coco_image_edit,train,AI_GENERATED,1,medium-high,MMFB_COCO_CF_AI,sd512_counterfactual,coco,sd512_counterfactual,g011276,test,core,512,512,PNG,RGBA,496274,a3e461cfd02017eb2f60b24c58253b2e492043c02f36e35e7c3e13e26c507381,1,3,1
img_a4a31b322102ef45ebbfc5a46e4224ebc0250acb245f63232fcf577b61a32a6f,images/a4a31b322102ef45ebbfc5a46e4224ebc0250acb245f63232fcf577b61a32a6f.jpg,NewsCLIPpings,,,train,REAL,0,high,NC_PAIRED_REAL,,news,nc_jpeg,g003434,test,core,384,256,JPEG,RGB,17185,a4a31b322102ef45ebbfc5a46e4224ebc0250acb245f63232fcf577b61a32a6f,1,4,0
img_a4bb41d73179e7a973b832ccdc5ea90f962c68c1f56a10a7c85726ece6e20697,images/a4bb41d73179e7a973b832ccdc5ea90f962c68c1f56a10a7c85726ece6e20697.png,mmfakebench,fakeddit,fakeddit,train,REAL,0,medium-high,MMFB_GENUINE_REAL,,fakeddit,mmfb_fakeddit_real,g011323,test,core,320,240,PNG,RGBA,157488,a4bb41d73179e7a973b832ccdc5ea90f962c68c1f56a10a7c85726ece6e20697,1,4,0
img_a4d654d948bebfc1a3318c9a30ab5f10d39691f588cbf6bec0784fbd55fdf17f,images/a4d654d948bebfc1a3318c9a30ab5f10d39691f588cbf6bec0784fbd55fdf17f.jpg,NewsCLIPpings,,,train,REAL,0,high,NC_PAIRED_REAL,,news,nc_jpeg,g011043,test,core,384,256,JPEG,RGB,11919,a4d654d948bebfc1a3318c9a30ab5f10d39691f588cbf6bec0784fbd55fdf17f,1,1,0
img_a4e8306382396c6c94195acf37e5cc347b20dcec2bff44b4990d785b3ad22947,images/a4e8306382396c6c94195acf37e5cc347b20dcec2bff44b4990d785b3ad22947.png,mmfakebench,gossipcop_midjourney,gossipcop_midjourney,train,AI_GENERATED,1,high,MMFB_MIDJOURNEY_AI,midjourney_v6_named_1024,news,midjourney_v6_named_1024,g011336,test,core,1024,1024,PNG,RGBA,1926458,a4e8306382396c6c94195acf37e5cc347b20dcec2bff44b4990d785b3ad22947,1,5,1
img_a51356ac8f8571266220e8cd661cd4b0e0d53a0c417194230aea1ac8f3ed4390,images/a51356ac8f8571266220e8cd661cd4b0e0d53a0c417194230aea1ac8f3ed4390.png,mmfakebench,coco_image_edit,coco_image_edit,train,AI_GENERATED,1,medium-high,MMFB_COCO_CF_AI,sd512_counterfactual,coco,sd512_counterfactual,g011347,test,core,512,512,PNG,RGBA,306215,a51356ac8f8571266220e8cd661cd4b0e0d53a0c417194230aea1ac8f3ed4390,1,3,1
img_a5c1cf4e92d355f93db095f0ce7ccd2392af50a9bae83ff31cfc6dfec480062c,images/a5c1cf4e92d355f93db095f0ce7ccd2392af50a9bae83ff31cfc6dfec480062c.png,mmfakebench,llm_science_md_generation,llm_science_md_generation,train,AI_GENERATED,1,high,MMFB_LLM_AI,llm_1024_mixed,news,llm_1024_mixed,g011403,test,core,1024,1024,PNG,RGB,1789530,a5c1cf4e92d355f93db095f0ce7ccd2392af50a9bae83ff31cfc6dfec480062c,1,5,1
img_a5ecd229c81c15ae7664c9466960abcc7ec1d8fba585a1ae9c4c6de70feb47e8,images/a5ecd229c81c15ae7664c9466960abcc7ec1d8fba585a1ae9c4c6de70feb47e8.png,mmfakebench,llm_science_md_generation,llm_science_md_generation,train,AI_GENERATED,1,high,MMFB_LLM_AI,llm_1024_mixed,news,llm_1024_mixed,g011417,test,core,1024,1024,PNG,RGBA,2100110,a5ecd229c81c15ae7664c9466960abcc7ec1d8fba585a1ae9c4c6de70feb47e8,1,5,1
img_a5f5d137b4fdf09bddda412e063c572674512094aff3647f8698b9e4f3f5a2c4,images/a5f5d137b4fdf09bddda412e063c572674512094aff3647f8698b9e4f3f5a2c4.png,mmfakebench,Fakeddit_photo_edit,Fakeddit_photo_edit,train,MANIPULATED,2,medium-high,MMFB_PHOTO_EDIT_MANIPULATED,,fakeddit,fakeddit_photo_edit,g011419,test,core,1600,1200,PNG,RGBA,3722750,a5f5d137b4fdf09bddda412e063c572674512094aff3647f8698b9e4f3f5a2c4,1,3,1
img_a6152c7c39433a6a7908aeed6e7f41982cd99b87571523b0ac1091ebce9eb2bb,images/a6152c7c39433a6a7908aeed6e7f41982cd99b87571523b0ac1091ebce9eb2bb.png,mmfakebench,fakeddit,fakeddit,train,REAL,0,medium-high,MMFB_GENUINE_REAL,,fakeddit,mmfb_fakeddit_real,g011424,test,core,320,427,PNG,RGBA,143195,a6152c7c39433a6a7908aeed6e7f41982cd99b87571523b0ac1091ebce9eb2bb,1,4,0
img_a622a198641d578f5bf2e7e5db424483e6b96d66c2b8ea170790018886e9455e,images/a622a198641d578f5bf2e7e5db424483e6b96d66c2b8ea170790018886e9455e.png,mmfakebench,fever_AI,fever_AI,train,AI_GENERATED,1,high,MMFB_FEVER_AI,dalle3_style_1024,news,dalle3_style_1024,g011429,test,core,1024,1024,PNG,RGBA,1366105,a622a198641d578f5bf2e7e5db424483e6b96d66c2b8ea170790018886e9455e,1,5,1
img_a73b0874b899ba442a8195ade2c5458a570c72c43176f43c13c53723c70af415,images/a73b0874b899ba442a8195ade2c5458a570c72c43176f43c13c53723c70af415.png,mmfakebench,fever_AI,fever_AI,train,AI_GENERATED,1,high,MMFB_FEVER_AI,dalle3_style_1024,news,dalle3_style_1024,g011509,test,core,1024,1024,PNG,RGBA,1727676,a73b0874b899ba442a8195ade2c5458a570c72c43176f43c13c53723c70af415,1,5,1
img_a7607f19b94225f49df7f25e7226081fbaf4a5ddc3f88f1aa47b48e6cbc6e880,images/a7607f19b94225f49df7f25e7226081fbaf4a5ddc3f88f1aa47b48e6cbc6e880.png,mmfakebench,fever_AI,fever_AI,train,AI_GENERATED,1,high,MMFB_FEVER_AI,dalle3_style_1024,news,dalle3_style_1024,g011521,test,core,1024,1024,PNG,RGBA,2369256,a7607f19b94225f49df7f25e7226081fbaf4a5ddc3f88f1aa47b48e6cbc6e880,1,5,1
img_a79a6dd606a9ea2530af5d266e2d47581684a08a92f06cc5cb813d2823131ac4,images/a79a6dd606a9ea2530af5d266e2d47581684a08a92f06cc5cb813d2823131ac4.png,mmfakebench,gossipcop_midjourney,gossipcop_midjourney,train,AI_GENERATED,1,high,MMFB_MIDJOURNEY_AI,midjourney_v6_named_1024,news,midjourney_v6_named_1024,g011541,test,core,1024,1024,PNG,RGBA,1534085,a79a6dd606a9ea2530af5d266e2d47581684a08a92f06cc5cb813d2823131ac4,1,5,1
img_a7e0366ae143995e41268fb079f469263bbfc5ff5c6d2057f19f0ce9e0e0cb18,images/a7e0366ae143995e41268fb079f469263bbfc5ff5c6d2057f19f0ce9e0e0cb18.png,mmfakebench,Fakeddit_photo_edit,Fakeddit_photo_edit,train,MANIPULATED,2,medium-high,MMFB_PHOTO_EDIT_MANIPULATED,,fakeddit,fakeddit_photo_edit,g011567,test,core,2653,1768,PNG,RGBA,5413781,a7e0366ae143995e41268fb079f469263bbfc5ff5c6d2057f19f0ce9e0e0cb18,1,3,1
img_a8a767c718ce3d3724fbd4d88d36f03ac3e9cd0dae385c81a36912c7a63e6af5,images/a8a767c718ce3d3724fbd4d88d36f03ac3e9cd0dae385c81a36912c7a63e6af5.png,mmfakebench,llm_rewrite,llm_rewrite,train,AI_GENERATED,1,high,MMFB_LLM_AI,llm_1024_mixed,news,llm_1024_mixed,g011620,test,core,1024,1024,PNG,RGBA,1866448,a8a767c718ce3d3724fbd4d88d36f03ac3e9cd0dae385c81a36912c7a63e6af5,1,5,1
img_a8c477ca87768d252d6f2f01379510e137c7fbc67ebd27154bfd626ceb8a3879,images/a8c477ca87768d252d6f2f01379510e137c7fbc67ebd27154bfd626ceb8a3879.png,mmfakebench,coco,coco,train,REAL,0,high,MMFB_GENUINE_REAL,,coco,mmfb_coco_real,g011634,test,core,478,640,PNG,RGBA,530214,a8c477ca87768d252d6f2f01379510e137c7fbc67ebd27154bfd626ceb8a3879,1,4,0
img_a8ea22184cc5151b530ade79662835855bead2594e74b262df8f964b8c0667f2,images/a8ea22184cc5151b530ade79662835855bead2594e74b262df8f964b8c0667f2.png,mmfakebench,Fakeddit_photo_edit,Fakeddit_photo_edit,train,MANIPULATED,2,medium-high,MMFB_PHOTO_EDIT_MANIPULATED,,fakeddit,fakeddit_photo_edit,g011649,test,core,1200,1027,PNG,RGBA,1464766,a8ea22184cc5151b530ade79662835855bead2594e74b262df8f964b8c0667f2,1,3,1
img_a92aee6a99d2fc44f2dba08c758935e7d4399350ca3b29c02c39ff7c7a897590,images/a92aee6a99d2fc44f2dba08c758935e7d4399350ca3b29c02c39ff7c7a897590.png,mmfakebench,coco,coco,train,REAL,0,high,MMFB_GENUINE_REAL,,coco,mmfb_coco_real,g011674,test,core,640,480,PNG,RGBA,517432,a92aee6a99d2fc44f2dba08c758935e7d4399350ca3b29c02c39ff7c7a897590,1,4,0
img_a9aa2e438901c5314724d3adb555c91fc9e95ba34821dfd43174dea28fa36d10,images/a9aa2e438901c5314724d3adb555c91fc9e95ba34821dfd43174dea28fa36d10.png,mmfakebench,llm_rewrite,llm_rewrite,train,AI_GENERATED,1,high,MMFB_LLM_AI,llm_1024_mixed,news,llm_1024_mixed,g011707,test,core,1024,1024,PNG,RGBA,1497298,a9aa2e438901c5314724d3adb555c91fc9e95ba34821dfd43174dea28fa36d10,1,5,1
img_aade1a78e9f4d3d24e1914f90a3248d7aad5e97e2293fe772b36638a32f9601b,images/aade1a78e9f4d3d24e1914f90a3248d7aad5e97e2293fe772b36638a32f9601b.png,mmfakebench,fever_AI,fever_AI,train,AI_GENERATED,1,high,MMFB_FEVER_AI,dalle3_style_1024,news,dalle3_style_1024,g011776,test,core,1024,1024,PNG,RGBA,1476827,aade1a78e9f4d3d24e1914f90a3248d7aad5e97e2293fe772b36638a32f9601b,1,5,1
img_ab2e5c53344acb4b031eab8879f1f24bd7bcc0a2a4324c96e8bfa3c4ab208044,images/ab2e5c53344acb4b031eab8879f1f24bd7bcc0a2a4324c96e8bfa3c4ab208044.png,mmfakebench,fever_AI,fever_AI,train,AI_GENERATED,1,high,MMFB_FEVER_AI,dalle3_style_1024,news,dalle3_style_1024,g011799,test,core,1024,1024,PNG,RGBA,2132740,ab2e5c53344acb4b031eab8879f1f24bd7bcc0a2a4324c96e8bfa3c4ab208044,1,5,1
img_ab50bec2839ef731e40652cd78d1183c51cc0c416e015b060e74f4126b403991,images/ab50bec2839ef731e40652cd78d1183c51cc0c416e015b060e74f4126b403991.png,mmfakebench,coco,coco,train,REAL,0,high,MMFB_GENUINE_REAL,,coco,mmfb_coco_real,g011807,test,core,640,427,PNG,RGBA,517152,ab50bec2839ef731e40652cd78d1183c51cc0c416e015b060e74f4126b403991,1,4,0
img_ab69662579639d44f580eb2d581012d1d5fbc08d805d3afc04b902885885efb0,images/ab69662579639d44f580eb2d581012d1d5fbc08d805d3afc04b902885885efb0.png,mmfakebench,fever_AI,fever_AI,train,AI_GENERATED,1,high,MMFB_FEVER_AI,dalle3_style_1024,news,dalle3_style_1024,g011817,test,core,1024,1024,PNG,RGB,1519029,ab69662579639d44f580eb2d581012d1d5fbc08d805d3afc04b902885885efb0,1,5,1
img_ac0e125c4e095b7c489270a2de71161b08987b4027c46a5f8c0558179cb64638,images/ac0e125c4e095b7c489270a2de71161b08987b4027c46a5f8c0558179cb64638.png,mmfakebench,coco,coco,train,REAL,0,high,MMFB_GENUINE_REAL,,coco,mmfb_coco_real,g011864,test,core,640,480,PNG,RGBA,520695,ac0e125c4e095b7c489270a2de71161b08987b4027c46a5f8c0558179cb64638,1,4,0
img_ac3f203675439ddf5198306e2bacc3eff62bc0cfdcc3444a3c6624edc2569287,images/ac3f203675439ddf5198306e2bacc3eff62bc0cfdcc3444a3c6624edc2569287.png,mmfakebench,coco_text_edit,coco_text_edit,train,AI_GENERATED,1,medium-high,MMFB_COCO_CF_AI,sd512_counterfactual,coco,sd512_counterfactual,g011877,test,core,512,512,PNG,RGBA,163900,ac3f203675439ddf5198306e2bacc3eff62bc0cfdcc3444a3c6624edc2569287,1,5,1
img_ac8ae49a5c72675854ac35f718244b600e25a058e85f9d171358b52dc5680463,images/ac8ae49a5c72675854ac35f718244b600e25a058e85f9d171358b52dc5680463.png,mmfakebench,coco_image_edit,coco_image_edit,train,AI_GENERATED,1,medium-high,MMFB_COCO_CF_AI,sd512_counterfactual,coco,sd512_counterfactual,g011898,test,core,512,512,PNG,RGBA,187327,ac8ae49a5c72675854ac35f718244b600e25a058e85f9d171358b52dc5680463,1,3,1
img_acbcd87f9efb655b030f833254572579665cce61773cd5c66eacd65ce6a97c47,images/acbcd87f9efb655b030f833254572579665cce61773cd5c66eacd65ce6a97c47.jpg,NewsCLIPpings,,,train,REAL,0,high,NC_PAIRED_REAL,,news,nc_jpeg,g011305,test,core,393,256,JPEG,RGB,23563,acbcd87f9efb655b030f833254572579665cce61773cd5c66eacd65ce6a97c47,1,4,0
img_ad09ee610c66d188be938e5f2bcfa3d0d93f205ec62359a72d0d50b8998a9e26,images/ad09ee610c66d188be938e5f2bcfa3d0d93f205ec62359a72d0d50b8998a9e26.png,mmfakebench,guardian,guardian,train,REAL,0,high,MMFB_GENUINE_REAL,,news,mmfb_visualnews_png,g011930,test,core,425,256,PNG,RGBA,95041,ad09ee610c66d188be938e5f2bcfa3d0d93f205ec62359a72d0d50b8998a9e26,1,4,0
img_ad14bac67316a093a46079ef379b9180b80ed665706a4ea1bd0ffdd3be896aa3,images/ad14bac67316a093a46079ef379b9180b80ed665706a4ea1bd0ffdd3be896aa3.png,mmfakebench,coco,coco,train,REAL,0,high,MMFB_GENUINE_REAL,,coco,mmfb_coco_real,g011932,test,core,640,478,PNG,RGBA,550416,ad14bac67316a093a46079ef379b9180b80ed665706a4ea1bd0ffdd3be896aa3,1,4,0
img_ad40b6e82b965fbf99b1f9f0dc825c58434c3eef134a7f82e7073212c6b8e8e5,images/ad40b6e82b965fbf99b1f9f0dc825c58434c3eef134a7f82e7073212c6b8e8e5.png,mmfakebench,fever_AI,fever_AI,train,AI_GENERATED,1,high,MMFB_FEVER_AI,dalle3_style_1024,news,dalle3_style_1024,g011949,test,core,1024,1024,PNG,RGB,1938982,ad40b6e82b965fbf99b1f9f0dc825c58434c3eef134a7f82e7073212c6b8e8e5,1,5,1
img_ad4e73628fec7bd4d13975b139ed4fb73495bebb92ba2499ad33e072a4e69dd8,images/ad4e73628fec7bd4d13975b139ed4fb73495bebb92ba2499ad33e072a4e69dd8.png,mmfakebench,Fakeddit_photo_edit,Fakeddit_photo_edit,train,MANIPULATED,2,medium-high,MMFB_PHOTO_EDIT_MANIPULATED,,fakeddit,fakeddit_photo_edit,g011952,test,core,1280,720,PNG,RGBA,971214,ad4e73628fec7bd4d13975b139ed4fb73495bebb92ba2499ad33e072a4e69dd8,1,3,1
img_adb4fa2fbd0db9f9608ade2ab7e164eb3619e93ef707c2bf3c73cb159cb5cfcf,images/adb4fa2fbd0db9f9608ade2ab7e164eb3619e93ef707c2bf3c73cb159cb5cfcf.jpg,NewsCLIPpings,,,train,REAL,0,high,NC_PAIRED_REAL,,news,nc_jpeg,g003292,test,core,384,256,JPEG,RGB,17464,adb4fa2fbd0db9f9608ade2ab7e164eb3619e93ef707c2bf3c73cb159cb5cfcf,1,4,0
img_adbaa995ab651b365655a19a64f1e9c4b7b699cc97720653258de0c8cb3baab6,images/adbaa995ab651b365655a19a64f1e9c4b7b699cc97720653258de0c8cb3baab6.png,mmfakebench,coco_image_edit,coco_image_edit,train,AI_GENERATED,1,medium-high,MMFB_COCO_CF_AI,sd512_counterfactual,coco,sd512_counterfactual,g011984,test,core,512,512,PNG,RGBA,190727,adbaa995ab651b365655a19a64f1e9c4b7b699cc97720653258de0c8cb3baab6,1,3,1
img_ade1927e90daac009d4224148ea509c8a453ac6bf9161f4d284973e6cc3d595a,images/ade1927e90daac009d4224148ea509c8a453ac6bf9161f4d284973e6cc3d595a.jpg,NewsCLIPpings,,,train,REAL,0,high,NC_PAIRED_REAL,,news,nc_jpeg,g007547,test,core,426,256,JPEG,RGB,40995,ade1927e90daac009d4224148ea509c8a453ac6bf9161f4d284973e6cc3d595a,1,1,0
img_adeeaadd22776191689042d0a81ade47f93e04d297a6d18e636e80958cd3c7d9,images/adeeaadd22776191689042d0a81ade47f93e04d297a6d18e636e80958cd3c7d9.png,mmfakebench,coco,coco,train,REAL,0,high,MMFB_GENUINE_REAL,,coco,mmfb_coco_real,g011995,test,core,640,427,PNG,RGBA,343243,adeeaadd22776191689042d0a81ade47f93e04d297a6d18e636e80958cd3c7d9,1,4,0
img_adfb88181bd7eb68f243d9904f6f9ff729ae2e513b70a1ed1e1c80df69a90964,images/adfb88181bd7eb68f243d9904f6f9ff729ae2e513b70a1ed1e1c80df69a90964.png,mmfakebench,gossipcop_midjourney,gossipcop_midjourney,train,AI_GENERATED,1,high,MMFB_MIDJOURNEY_AI,midjourney_v6_named_1024,news,midjourney_v6_named_1024,g011996,test,core,1024,1024,PNG,RGBA,1781035,adfb88181bd7eb68f243d9904f6f9ff729ae2e513b70a1ed1e1c80df69a90964,1,5,1
img_ae0bfe0bdb9c11638c80d7cffde59479a316103de390c18a082fbc23933f0d3b,images/ae0bfe0bdb9c11638c80d7cffde59479a316103de390c18a082fbc23933f0d3b.png,mmfakebench,coco_image_edit,coco_image_edit,train,AI_GENERATED,1,medium-high,MMFB_COCO_CF_AI,sd512_counterfactual,coco,sd512_counterfactual,g012002,test,core,512,512,PNG,RGBA,346407,ae0bfe0bdb9c11638c80d7cffde59479a316103de390c18a082fbc23933f0d3b,1,3,1
img_ae0d836a5df8ae946c32301353f79a3eb4aa70540c59eeb42b7b7e08f87e433d,images/ae0d836a5df8ae946c32301353f79a3eb4aa70540c59eeb42b7b7e08f87e433d.jpg,NewsCLIPpings,,,train,REAL,0,high,NC_PAIRED_REAL,,news,nc_jpeg,g000723,test,core,306,256,JPEG,RGB,11282,ae0d836a5df8ae946c32301353f79a3eb4aa70540c59eeb42b7b7e08f87e433d,1,1,0
img_ae365f27a098a500c1c883b9b28dd111cc8b6c0bf591b2dfa44031d90b43019c,images/ae365f27a098a500c1c883b9b28dd111cc8b6c0bf591b2dfa44031d90b43019c.jpg,NewsCLIPpings,,,train,REAL,0,high,NC_PAIRED_REAL,,news,nc_jpeg,g011204,test,core,384,256,JPEG,RGB,9546,ae365f27a098a500c1c883b9b28dd111cc8b6c0bf591b2dfa44031d90b43019c,1,4,0
img_ae559053ac5e86efb7fcb183af2a61d47519e299bff280ce611857616c9115e9,images/ae559053ac5e86efb7fcb183af2a61d47519e299bff280ce611857616c9115e9.png,mmfakebench,antifact_image_generation,antifact_image_generation,train,AI_GENERATED,1,high,MMFB_ANTIFACT_AI,midjourney_style_1024,news,midjourney_style_1024,g012017,test,core,1024,1024,PNG,RGB,1644059,ae559053ac5e86efb7fcb183af2a61d47519e299bff280ce611857616c9115e9,1,3,1
img_af2877914ff5ace9351805f23fb3928638517f7cc08b00b53c85bdfcdc5f643b,images/af2877914ff5ace9351805f23fb3928638517f7cc08b00b53c85bdfcdc5f643b.png,mmfakebench,antifact_image_generation,antifact_image_generation,train,AI_GENERATED,1,high,MMFB_ANTIFACT_AI,midjourney_style_1024,news,midjourney_style_1024,g012066,test,core,1024,1024,PNG,RGB,1674934,af2877914ff5ace9351805f23fb3928638517f7cc08b00b53c85bdfcdc5f643b,1,3,1
img_af4d215f5a328aee8174a6ff07ce7d859deab9fe0eab1c95f0c0c80dd7dcd226,images/af4d215f5a328aee8174a6ff07ce7d859deab9fe0eab1c95f0c0c80dd7dcd226.png,mmfakebench,coco,coco,train,REAL,0,high,MMFB_GENUINE_REAL,,coco,mmfb_coco_real,g012072,test,core,640,480,PNG,RGBA,380216,af4d215f5a328aee8174a6ff07ce7d859deab9fe0eab1c95f0c0c80dd7dcd226,1,4,0
img_af8221dd6bd8e0e5605ad5d2dd52aaebd4dfbb2fa34b1430e70212e9f2dd3100,images/af8221dd6bd8e0e5605ad5d2dd52aaebd4dfbb2fa34b1430e70212e9f2dd3100.png,mmfakebench,antifact_image_generation,antifact_image_generation,train,AI_GENERATED,1,high,MMFB_ANTIFACT_AI,midjourney_style_1024,news,midjourney_style_1024,g012090,test,core,1024,1024,PNG,RGB,1757438,af8221dd6bd8e0e5605ad5d2dd52aaebd4dfbb2fa34b1430e70212e9f2dd3100,1,3,1
img_afbf33a061922ba4fa04854eae1098ed5a26763aeb632cdd57ae540ccc1dc859,images/afbf33a061922ba4fa04854eae1098ed5a26763aeb632cdd57ae540ccc1dc859.png,mmfakebench,fever_AI,fever_AI,train,AI_GENERATED,1,high,MMFB_FEVER_AI,dalle3_style_1024,news,dalle3_style_1024,g012109,test,core,1024,1024,PNG,RGB,1688700,afbf33a061922ba4fa04854eae1098ed5a26763aeb632cdd57ae540ccc1dc859,1,5,1
img_b00f454d87d43f86d1ee68a9ec04bc5392afcbd0b80edddd7cc3cb92b0415c64,images/b00f454d87d43f86d1ee68a9ec04bc5392afcbd0b80edddd7cc3cb92b0415c64.png,mmfakebench,gossipcop_midjourney,gossipcop_midjourney,train,AI_GENERATED,1,high,MMFB_MIDJOURNEY_AI,midjourney_v6_named_1024,news,midjourney_v6_named_1024,g012134,test,core,1024,1024,PNG,RGBA,1516778,b00f454d87d43f86d1ee68a9ec04bc5392afcbd0b80edddd7cc3cb92b0415c64,1,5,1
img_b0e7a81abf792825c8daba1135698e0f21ae0176b221086d373cc4a87ec8f1fe,images/b0e7a81abf792825c8daba1135698e0f21ae0176b221086d373cc4a87ec8f1fe.png,mmfakebench,Newsclipings_person,Newsclipings_person,train,REAL,0,high,MMFB_OOC_REAL,,news,mmfb_visualnews_png,g012191,test,core,363,256,PNG,RGBA,81706,b0e7a81abf792825c8daba1135698e0f21ae0176b221086d373cc4a87ec8f1fe,1,1,0
img_b140d8e30b9cc0c100a993ac9d51be156ec4a12ffa22472244bdeca21e6f5caa,images/b140d8e30b9cc0c100a993ac9d51be156ec4a12ffa22472244bdeca21e6f5caa.jpg,NewsCLIPpings,,,train,REAL,0,high,NC_PAIRED_REAL,,news,nc_jpeg,g010793,test,core,426,256,JPEG,RGB,40394,b140d8e30b9cc0c100a993ac9d51be156ec4a12ffa22472244bdeca21e6f5caa,1,4,0
img_b14f162e3e316956ddaa6d1b20393cf96fc4e18982c1e27d2a68c0ad02cdb2da,images/b14f162e3e316956ddaa6d1b20393cf96fc4e18982c1e27d2a68c0ad02cdb2da.png,mmfakebench,llm_science_md_generation,llm_science_md_generation,train,AI_GENERATED,1,high,MMFB_LLM_AI,llm_1024_mixed,news,llm_1024_mixed,g012222,test,core,1024,1024,PNG,RGB,1921673,b14f162e3e316956ddaa6d1b20393cf96fc4e18982c1e27d2a68c0ad02cdb2da,1,5,1
img_b17bdd100501ca0c321e2f0f26f9363e4d7d9cae6db08f5921671fd310a981de,images/b17bdd100501ca0c321e2f0f26f9363e4d7d9cae6db08f5921671fd310a981de.png,mmfakebench,bbc,bbc,train,REAL,0,high,MMFB_GENUINE_REAL,,news,mmfb_visualnews_png,g012226,test,core,624,351,PNG,RGBA,326814,b17bdd100501ca0c321e2f0f26f9363e4d7d9cae6db08f5921671fd310a981de,1,4,0
img_b17eb06fe4139c13c4148b360db89e50dc995bda9e8ceb49a2100912247c6edf,images/b17eb06fe4139c13c4148b360db89e50dc995bda9e8ceb49a2100912247c6edf.png,mmfakebench,coco_text_edit,coco_text_edit,train,AI_GENERATED,1,medium-high,MMFB_COCO_CF_AI,sd512_counterfactual,coco,sd512_counterfactual,g012230,test,core,512,512,PNG,RGBA,260030,b17eb06fe4139c13c4148b360db89e50dc995bda9e8ceb49a2100912247c6edf,1,5,1
img_b17f2075022441815756002e42d53fcc5d5356fe18eaafdc5af4645e335ea0aa,images/b17f2075022441815756002e42d53fcc5d5356fe18eaafdc5af4645e335ea0aa.png,mmfakebench,DGM4_text_edit_senti,DGM4_text_edit_senti,train,REAL,0,high,MMFB_TEXT_EDIT_REAL_IMAGE,,news,mmfb_visualnews_png,g012231,test,core,426,256,PNG,RGBA,173270,b17f2075022441815756002e42d53fcc5d5356fe18eaafdc5af4645e335ea0aa,1,2,0
img_b1930d67fb960a0a58d4cc95de221b87bf0a47039ceb2c358a714f4a693717ab,images/b1930d67fb960a0a58d4cc95de221b87bf0a47039ceb2c358a714f4a693717ab.png,mmfakebench,Fakeddit_photo_edit,Fakeddit_photo_edit,train,MANIPULATED,2,medium-high,MMFB_PHOTO_EDIT_MANIPULATED,,fakeddit,fakeddit_photo_edit,g012239,test,core,480,640,PNG,RGBA,577072,b1930d67fb960a0a58d4cc95de221b87bf0a47039ceb2c358a714f4a693717ab,1,3,1
img_b497c3da5a52d67aa35223647c1153c4ffd95a57d0b9b3ec0fa199ea98e81263,images/b497c3da5a52d67aa35223647c1153c4ffd95a57d0b9b3ec0fa199ea98e81263.png,mmfakebench,fakeddit,fakeddit,train,REAL,0,medium-high,MMFB_GENUINE_REAL,,fakeddit,mmfb_fakeddit_real,g012447,test,core,320,427,PNG,RGBA,167732,b497c3da5a52d67aa35223647c1153c4ffd95a57d0b9b3ec0fa199ea98e81263,1,4,0
img_b4d3ba12209373553b9b1df3acbbabd32df817b5d0cb60d7c3162324ed2636ce,images/b4d3ba12209373553b9b1df3acbbabd32df817b5d0cb60d7c3162324ed2636ce.jpg,newsclippings,guardian,guardian,train,REAL,0,high,NC_SUPPLEMENT_REAL,,news,nc_jpeg,g012459,test,core,426,256,JPEG,RGB,29220,b4d3ba12209373553b9b1df3acbbabd32df817b5d0cb60d7c3162324ed2636ce,1,4,0
img_b4f8900d4388bd93ec72083decd1af29d6a7f6c08197f9948cc2ac017df3d101,images/b4f8900d4388bd93ec72083decd1af29d6a7f6c08197f9948cc2ac017df3d101.png,mmfakebench,fever_AI,fever_AI,train,AI_GENERATED,1,high,MMFB_FEVER_AI,dalle3_style_1024,news,dalle3_style_1024,g012470,test,core,1024,1024,PNG,RGBA,1611555,b4f8900d4388bd93ec72083decd1af29d6a7f6c08197f9948cc2ac017df3d101,1,5,1
img_b562111c54392cb9ca8b1609bb1455b7c76c3d9e7b564a7273c8f0a56a30adfb,images/b562111c54392cb9ca8b1609bb1455b7c76c3d9e7b564a7273c8f0a56a30adfb.png,mmfakebench,llm_rewrite,llm_rewrite,train,AI_GENERATED,1,high,MMFB_LLM_AI,llm_1024_mixed,news,llm_1024_mixed,g012499,test,core,1024,1024,PNG,RGBA,1690706,b562111c54392cb9ca8b1609bb1455b7c76c3d9e7b564a7273c8f0a56a30adfb,1,5,1
img_b565ca829393c89f6e6f3ec6d748d82e210f4093efc3f2801cfe751482b6e363,images/b565ca829393c89f6e6f3ec6d748d82e210f4093efc3f2801cfe751482b6e363.jpg,NewsCLIPpings,,,train,REAL,0,high,NC_PAIRED_REAL,,news,nc_jpeg,g009563,test,core,355,256,JPEG,RGB,15036,b565ca829393c89f6e6f3ec6d748d82e210f4093efc3f2801cfe751482b6e363,1,1,0
img_b5a08e4091b9ac4e7eb5a87d8838d0f6cc9f152d1a9d9e9649c3f3fc46ec4577,images/b5a08e4091b9ac4e7eb5a87d8838d0f6cc9f152d1a9d9e9649c3f3fc46ec4577.png,mmfakebench,antifact_image_generation,antifact_image_generation,train,AI_GENERATED,1,high,MMFB_ANTIFACT_AI,midjourney_style_1024,news,midjourney_style_1024,g012520,test,core,1024,1024,PNG,RGB,1610694,b5a08e4091b9ac4e7eb5a87d8838d0f6cc9f152d1a9d9e9649c3f3fc46ec4577,1,3,1
img_b5bed152c30cfde7be494d7d522b5b6182c3b47bfdcd4176389dd6aa8ae64758,images/b5bed152c30cfde7be494d7d522b5b6182c3b47bfdcd4176389dd6aa8ae64758.png,mmfakebench,guardian,guardian,train,REAL,0,high,MMFB_GENUINE_REAL,,news,mmfb_visualnews_png,g012530,test,core,426,256,PNG,RGBA,208460,b5bed152c30cfde7be494d7d522b5b6182c3b47bfdcd4176389dd6aa8ae64758,1,4,0
img_b5ca1744df3179cc008c942ad73951f0788356035125c2040b99b536dac5d87e,images/b5ca1744df3179cc008c942ad73951f0788356035125c2040b99b536dac5d87e.png,mmfakebench,gossipcop_midjourney,gossipcop_midjourney,train,AI_GENERATED,1,high,MMFB_MIDJOURNEY_AI,midjourney_v6_named_1024,news,midjourney_v6_named_1024,g012532,test,core,1024,1024,PNG,RGB,1878650,b5ca1744df3179cc008c942ad73951f0788356035125c2040b99b536dac5d87e,1,5,1
img_b678c3dc099f37e0e6150af05370d6663294e100ac5d50ab609a1baa947834ac,images/b678c3dc099f37e0e6150af05370d6663294e100ac5d50ab609a1baa947834ac.png,mmfakebench,Newsclipings_person,Newsclipings_person,train,REAL,0,high,MMFB_OOC_REAL,,news,mmfb_visualnews_png,g012586,test,core,384,256,PNG,RGBA,112263,b678c3dc099f37e0e6150af05370d6663294e100ac5d50ab609a1baa947834ac,1,1,0
img_b6f2354e0bac8dfa8bb958b3cfef1d8a85af7ac77a27075b05201fbb19b186ce,images/b6f2354e0bac8dfa8bb958b3cfef1d8a85af7ac77a27075b05201fbb19b186ce.png,mmfakebench,antifact_image_generation,antifact_image_generation,train,AI_GENERATED,1,high,MMFB_ANTIFACT_AI,midjourney_style_1024,news,midjourney_style_1024,g012617,test,core,1024,1024,PNG,RGBA,1922970,b6f2354e0bac8dfa8bb958b3cfef1d8a85af7ac77a27075b05201fbb19b186ce,1,3,1
img_b78274e305ef8362618852b250653eb94680c758ff41d910a1c3abe78f8b57c8,images/b78274e305ef8362618852b250653eb94680c758ff41d910a1c3abe78f8b57c8.png,mmfakebench,Newsclipings_person,Newsclipings_person,train,REAL,0,high,MMFB_OOC_REAL,,news,mmfb_visualnews_png,g012653,test,core,256,387,PNG,RGBA,98608,b78274e305ef8362618852b250653eb94680c758ff41d910a1c3abe78f8b57c8,1,1,0
img_b86f90e6093f42cfb29a011f34fbeb137e2ae8db67a8c0dc8c459de76418374f,images/b86f90e6093f42cfb29a011f34fbeb137e2ae8db67a8c0dc8c459de76418374f.jpg,NewsCLIPpings,,,train,REAL,0,high,NC_PAIRED_REAL,,news,nc_jpeg,g008232,test,core,426,256,JPEG,RGB,38118,b86f90e6093f42cfb29a011f34fbeb137e2ae8db67a8c0dc8c459de76418374f,1,1,0
img_b8855c4b053adc665b6b3ad43369bfbc4fe60c137d5c46decc29178433156637,images/b8855c4b053adc665b6b3ad43369bfbc4fe60c137d5c46decc29178433156637.png,mmfakebench,coco_image_edit,coco_image_edit,train,AI_GENERATED,1,medium-high,MMFB_COCO_CF_AI,sd512_counterfactual,coco,sd512_counterfactual,g012729,test,core,512,512,PNG,RGBA,268711,b8855c4b053adc665b6b3ad43369bfbc4fe60c137d5c46decc29178433156637,1,3,1
img_b8cc7227d8c52df7efc9ad91f29fb96e214d03ec664bd7a2e7a71a7c03c1af1d,images/b8cc7227d8c52df7efc9ad91f29fb96e214d03ec664bd7a2e7a71a7c03c1af1d.png,mmfakebench,Newsclipings_semantic,Newsclipings_semantic,train,REAL,0,high,MMFB_OOC_REAL,,news,mmfb_visualnews_png,g012751,test,core,976,549,PNG,RGBA,554220,b8cc7227d8c52df7efc9ad91f29fb96e214d03ec664bd7a2e7a71a7c03c1af1d,1,1,0
img_b8e98d1e1c9d6e3c93ec3d9415d7bca4f59639bd104ed12fb5cad74740e13b79,images/b8e98d1e1c9d6e3c93ec3d9415d7bca4f59639bd104ed12fb5cad74740e13b79.png,mmfakebench,fakeddit,fakeddit,train,REAL,0,medium-high,MMFB_GENUINE_REAL,,fakeddit,mmfb_fakeddit_real,g012762,test,core,320,427,PNG,RGBA,218093,b8e98d1e1c9d6e3c93ec3d9415d7bca4f59639bd104ed12fb5cad74740e13b79,1,4,0
img_b8f8b0308377468b35d41cbea7500ea21d7462a4a8f8c1410001224604d79e16,images/b8f8b0308377468b35d41cbea7500ea21d7462a4a8f8c1410001224604d79e16.png,mmfakebench,coco,coco,train,REAL,0,high,MMFB_GENUINE_REAL,,coco,mmfb_coco_real,g012765,test,core,640,379,PNG,RGBA,576570,b8f8b0308377468b35d41cbea7500ea21d7462a4a8f8c1410001224604d79e16,1,4,0
img_b8fef36da36d6b580d772ffb4f8e12012e67ea4f05830672d17c30feefb9213d,images/b8fef36da36d6b580d772ffb4f8e12012e67ea4f05830672d17c30feefb9213d.png,mmfakebench,rumor_match,rumor_match,train,REAL,0,high,MMFB_FAKE_TEXT_REAL_IMAGE,,news,mmfb_visualnews_png,g012767,test,core,426,256,PNG,RGBA,190299,b8fef36da36d6b580d772ffb4f8e12012e67ea4f05830672d17c30feefb9213d,2,2,0
img_b9406ed4e0f5036eafd7f48dcd29c112a7d5159877c6010fcc4ca69c4a757822,images/b9406ed4e0f5036eafd7f48dcd29c112a7d5159877c6010fcc4ca69c4a757822.png,mmfakebench,Fakeddit_photo_edit,Fakeddit_photo_edit,train,MANIPULATED,2,medium-high,MMFB_PHOTO_EDIT_MANIPULATED,,fakeddit,fakeddit_photo_edit,g012785,test,core,1920,1080,PNG,RGBA,1152612,b9406ed4e0f5036eafd7f48dcd29c112a7d5159877c6010fcc4ca69c4a757822,1,3,1
img_b953e7823ad42256b4574d4c9195f5d783fb258e8a5afd6c349551ce2d721d57,images/b953e7823ad42256b4574d4c9195f5d783fb258e8a5afd6c349551ce2d721d57.png,mmfakebench,Fakeddit_photo_edit,Fakeddit_photo_edit,train,MANIPULATED,2,medium-high,MMFB_PHOTO_EDIT_MANIPULATED,,fakeddit,fakeddit_photo_edit,g012789,test,core,800,500,PNG,RGBA,906641,b953e7823ad42256b4574d4c9195f5d783fb258e8a5afd6c349551ce2d721d57,1,3,1
img_b96a3c325ca357c68bb1ac176b896caf3e857d9630cbd4bfcc5c5edf337c05c2,images/b96a3c325ca357c68bb1ac176b896caf3e857d9630cbd4bfcc5c5edf337c05c2.png,mmfakebench,fakeddit,fakeddit,train,REAL,0,medium-high,MMFB_GENUINE_REAL,,fakeddit,mmfb_fakeddit_real,g012795,test,core,320,240,PNG,RGBA,93520,b96a3c325ca357c68bb1ac176b896caf3e857d9630cbd4bfcc5c5edf337c05c2,1,4,0
img_b9791f6dc690197d01445c073e34569f83230a8294403b27c1714ece873dd96c,images/b9791f6dc690197d01445c073e34569f83230a8294403b27c1714ece873dd96c.png,mmfakebench,fakeddit,fakeddit,train,REAL,0,medium-high,MMFB_GENUINE_REAL,,fakeddit,mmfb_fakeddit_real,g012804,test,core,320,427,PNG,RGBA,181631,b9791f6dc690197d01445c073e34569f83230a8294403b27c1714ece873dd96c,1,4,0
img_b9c44e55c41274e5125e4a9cb47df4d6099b227db7bd6787573f1c7c76e56089,images/b9c44e55c41274e5125e4a9cb47df4d6099b227db7bd6787573f1c7c76e56089.png,mmfakebench,fever_AI,fever_AI,train,AI_GENERATED,1,high,MMFB_FEVER_AI,dalle3_style_1024,news,dalle3_style_1024,g012827,test,core,1024,1024,PNG,RGBA,1359439,b9c44e55c41274e5125e4a9cb47df4d6099b227db7bd6787573f1c7c76e56089,1,5,1
img_ba1d5952b13d7d9b7518fe0fb1c4fe4cd58be4cb068aaf177991b6b8f21861f6,images/ba1d5952b13d7d9b7518fe0fb1c4fe4cd58be4cb068aaf177991b6b8f21861f6.png,mmfakebench,Newsclipings_scene,Newsclipings_scene,train,REAL,0,high,MMFB_OOC_REAL,,news,mmfb_visualnews_png,g012848,test,core,464,261,PNG,RGBA,190293,ba1d5952b13d7d9b7518fe0fb1c4fe4cd58be4cb068aaf177991b6b8f21861f6,1,1,0
img_ba1f8e7638bf6defde276bb068e1166f018e9b6e7ab30a9e3c9bdb37ac3fb264,images/ba1f8e7638bf6defde276bb068e1166f018e9b6e7ab30a9e3c9bdb37ac3fb264.png,mmfakebench,Fakeddit_photo_edit,Fakeddit_photo_edit,train,MANIPULATED,2,medium-high,MMFB_PHOTO_EDIT_MANIPULATED,,fakeddit,fakeddit_photo_edit,g012850,test,core,1684,1268,PNG,RGBA,2370176,ba1f8e7638bf6defde276bb068e1166f018e9b6e7ab30a9e3c9bdb37ac3fb264,1,3,1
img_bab6e730cd4749b7c0c02476701c950d7cccd3f823755dcece7fa110d4995564,images/bab6e730cd4749b7c0c02476701c950d7cccd3f823755dcece7fa110d4995564.png,mmfakebench,coco,coco,train,REAL,0,high,MMFB_GENUINE_REAL,,coco,mmfb_coco_real,g012893,test,core,432,324,PNG,RGBA,294306,bab6e730cd4749b7c0c02476701c950d7cccd3f823755dcece7fa110d4995564,1,4,0
img_bb1ac8142ac5af59b069101a691c4706dcfc2ac626f7c7991f778f65ef3884be,images/bb1ac8142ac5af59b069101a691c4706dcfc2ac626f7c7991f778f65ef3884be.png,mmfakebench,llm_science_md_generation,llm_science_md_generation,train,AI_GENERATED,1,high,MMFB_LLM_AI,llm_1024_mixed,news,llm_1024_mixed,g012920,test,core,1024,1024,PNG,RGBA,942988,bb1ac8142ac5af59b069101a691c4706dcfc2ac626f7c7991f778f65ef3884be,1,5,1
img_bb344628266ed799763314f6b78ac33c08501649d8757b2f1ef3685437fff355,images/bb344628266ed799763314f6b78ac33c08501649d8757b2f1ef3685437fff355.png,mmfakebench,fever_AI,fever_AI,train,AI_GENERATED,1,high,MMFB_FEVER_AI,dalle3_style_1024,news,dalle3_style_1024,g012926,test,core,1024,1024,PNG,RGBA,1220650,bb344628266ed799763314f6b78ac33c08501649d8757b2f1ef3685437fff355,1,5,1
img_bbe3a5134cd706359d0679a1c19f5f570dcbad31cea625e2feb8d871e6909d11,images/bbe3a5134cd706359d0679a1c19f5f570dcbad31cea625e2feb8d871e6909d11.png,mmfakebench,fakeddit,fakeddit,train,REAL,0,medium-high,MMFB_GENUINE_REAL,,fakeddit,mmfb_fakeddit_real,g012975,test,core,320,240,PNG,RGBA,114908,bbe3a5134cd706359d0679a1c19f5f570dcbad31cea625e2feb8d871e6909d11,1,4,0
img_bc8f27743cb41d638d1a03c4b72441b0f8d339ca18264e733a525699190b77cf,images/bc8f27743cb41d638d1a03c4b72441b0f8d339ca18264e733a525699190b77cf.png,mmfakebench,llm_gossip_md_generation,llm_gossip_md_generation,train,AI_GENERATED,1,high,MMFB_LLM_AI,llm_1024_mixed,news,llm_1024_mixed,g013020,test,core,1024,1024,PNG,RGB,1870066,bc8f27743cb41d638d1a03c4b72441b0f8d339ca18264e733a525699190b77cf,1,5,1
img_bca2fdd1d01b24e6241311fdb9d36a388e46c029c75ccca7087c50864f70daa2,images/bca2fdd1d01b24e6241311fdb9d36a388e46c029c75ccca7087c50864f70daa2.png,mmfakebench,fakeddit,fakeddit,train,REAL,0,medium-high,MMFB_GENUINE_REAL,,fakeddit,mmfb_fakeddit_real,g013026,test,core,320,472,PNG,RGBA,375413,bca2fdd1d01b24e6241311fdb9d36a388e46c029c75ccca7087c50864f70daa2,1,4,0
img_bcc803830ec41f821b4274d49a25a7f1981cc850777ca98fe3161e4ec2ca52ce,images/bcc803830ec41f821b4274d49a25a7f1981cc850777ca98fe3161e4ec2ca52ce.png,mmfakebench,fakeddit,fakeddit,train,REAL,0,medium-high,MMFB_GENUINE_REAL,,fakeddit,mmfb_fakeddit_real,g013043,test,core,320,426,PNG,RGBA,312493,bcc803830ec41f821b4274d49a25a7f1981cc850777ca98fe3161e4ec2ca52ce,1,4,0
img_bcf289e255bb725e918df21205b25651233e55654ef41b25aac52cd265a1c253,images/bcf289e255bb725e918df21205b25651233e55654ef41b25aac52cd265a1c253.png,mmfakebench,Fakeddit_photo_edit,Fakeddit_photo_edit,train,MANIPULATED,2,medium-high,MMFB_PHOTO_EDIT_MANIPULATED,,fakeddit,fakeddit_photo_edit,g013054,test,core,1600,1200,PNG,RGBA,928735,bcf289e255bb725e918df21205b25651233e55654ef41b25aac52cd265a1c253,1,3,1
img_bdb659ccff355431ef85fe38c9b24731d366fb3a70dcb3de7608a3b37bebbcb5,images/bdb659ccff355431ef85fe38c9b24731d366fb3a70dcb3de7608a3b37bebbcb5.png,mmfakebench,fever_AI,fever_AI,train,AI_GENERATED,1,high,MMFB_FEVER_AI,dalle3_style_1024,news,dalle3_style_1024,g013104,test,core,1024,1024,PNG,RGBA,2386900,bdb659ccff355431ef85fe38c9b24731d366fb3a70dcb3de7608a3b37bebbcb5,1,5,1
img_bdb67e2c5424679b9943015dd659c7e2ab1d52219a388a4b755acf28c2a3e085,images/bdb67e2c5424679b9943015dd659c7e2ab1d52219a388a4b755acf28c2a3e085.png,mmfakebench,fever_AI,fever_AI,train,AI_GENERATED,1,high,MMFB_FEVER_AI,dalle3_style_1024,news,dalle3_style_1024,g013105,test,core,1024,1024,PNG,RGBA,885644,bdb67e2c5424679b9943015dd659c7e2ab1d52219a388a4b755acf28c2a3e085,1,5,1
img_bdcbe7cc121072d91cc23cefb7d74dc58037530f6c8bd16c2aed2f7fd383249d,images/bdcbe7cc121072d91cc23cefb7d74dc58037530f6c8bd16c2aed2f7fd383249d.png,mmfakebench,fakeddit,fakeddit,train,REAL,0,medium-high,MMFB_GENUINE_REAL,,fakeddit,mmfb_fakeddit_real,g013111,test,core,320,232,PNG,RGBA,128601,bdcbe7cc121072d91cc23cefb7d74dc58037530f6c8bd16c2aed2f7fd383249d,1,4,0
img_bdf6036936ada031c236d6818ac84451e9616ec13110de20eeebb8242af85bf9,images/bdf6036936ada031c236d6818ac84451e9616ec13110de20eeebb8242af85bf9.png,mmfakebench,llm_science_md_generation,llm_science_md_generation,train,AI_GENERATED,1,high,MMFB_LLM_AI,llm_1024_mixed,news,llm_1024_mixed,g013124,test,core,1024,1024,PNG,RGB,1532567,bdf6036936ada031c236d6818ac84451e9616ec13110de20eeebb8242af85bf9,1,5,1
img_be41fdf687f6296d655c65ea4d5e3c5ad260b712546b354619a599bd0efd8cee,images/be41fdf687f6296d655c65ea4d5e3c5ad260b712546b354619a599bd0efd8cee.png,mmfakebench,fever_AI,fever_AI,train,AI_GENERATED,1,high,MMFB_FEVER_AI,dalle3_style_1024,news,dalle3_style_1024,g013146,test,core,1024,1024,PNG,RGBA,2595633,be41fdf687f6296d655c65ea4d5e3c5ad260b712546b354619a599bd0efd8cee,1,5,1
img_beef2010069424b9bd02ed03043cd1fb50703b886ff84824af9b7d5720afc20d,images/beef2010069424b9bd02ed03043cd1fb50703b886ff84824af9b7d5720afc20d.png,mmfakebench,guardian,guardian,train,REAL,0,high,MMFB_GENUINE_REAL,,news,mmfb_visualnews_png,g013187,test,core,256,385,PNG,RGBA,59628,beef2010069424b9bd02ed03043cd1fb50703b886ff84824af9b7d5720afc20d,1,4,0
img_bf88ff66cc56dfe0b40984b114c57587a22b9788078a1ef569cab6b71088f857,images/bf88ff66cc56dfe0b40984b114c57587a22b9788078a1ef569cab6b71088f857.png,mmfakebench,chatgpt_match,chatgpt_match,train,REAL,0,high,MMFB_FAKE_TEXT_REAL_IMAGE,,news,mmfb_visualnews_png,g013225,test,core,426,256,PNG,RGBA,134510,bf88ff66cc56dfe0b40984b114c57587a22b9788078a1ef569cab6b71088f857,1,2,0
img_bf8debb8a340a672700e6525870547af96a5e01b0a58d442bc49540e94686dbf,images/bf8debb8a340a672700e6525870547af96a5e01b0a58d442bc49540e94686dbf.png,mmfakebench,usa_today,usa_today,train,REAL,0,high,MMFB_GENUINE_REAL,,news,mmfb_visualnews_png,g013227,test,core,373,256,PNG,RGBA,155740,bf8debb8a340a672700e6525870547af96a5e01b0a58d442bc49540e94686dbf,1,4,0
img_bfc44cb38227c3f775e4ae44cd19041504c135d788f6585d28eed63b4995d3aa,images/bfc44cb38227c3f775e4ae44cd19041504c135d788f6585d28eed63b4995d3aa.jpg,NewsCLIPpings,,,train,REAL,0,high,NC_PAIRED_REAL,,news,nc_jpeg,g013241,test,core,508,256,JPEG,RGB,24102,bfc44cb38227c3f775e4ae44cd19041504c135d788f6585d28eed63b4995d3aa,1,1,0
img_bfea3fec061acbf947bbc6256acf6a8683ae53de6a4f7be724ecff3a2b578f96,images/bfea3fec061acbf947bbc6256acf6a8683ae53de6a4f7be724ecff3a2b578f96.jpg,NewsCLIPpings,,,train,REAL,0,high,NC_PAIRED_REAL,,news,nc_jpeg,g004301,test,core,426,256,JPEG,RGB,30805,bfea3fec061acbf947bbc6256acf6a8683ae53de6a4f7be724ecff3a2b578f96,1,1,0
img_c032ffdc1793542541814acd9445772074cd3f87471a12010efcdbb9c945b2cc,images/c032ffdc1793542541814acd9445772074cd3f87471a12010efcdbb9c945b2cc.png,mmfakebench,coco_image_edit,coco_image_edit,train,AI_GENERATED,1,medium-high,MMFB_COCO_CF_AI,sd512_counterfactual,coco,sd512_counterfactual,g013273,test,core,512,512,PNG,RGBA,210372,c032ffdc1793542541814acd9445772074cd3f87471a12010efcdbb9c945b2cc,1,3,1
img_c099b441f5fafee7744c3920c2682e3c729054317e6401cf5887adf568fe87d6,images/c099b441f5fafee7744c3920c2682e3c729054317e6401cf5887adf568fe87d6.png,mmfakebench,chatgpt_match,chatgpt_match,train,REAL,0,high,MMFB_FAKE_TEXT_REAL_IMAGE,,news,mmfb_visualnews_png,g013299,test,core,446,256,PNG,RGBA,71873,c099b441f5fafee7744c3920c2682e3c729054317e6401cf5887adf568fe87d6,1,2,0
img_c0b6a24cf78c7ef4842dbab6c76d822bce519ea0f67c681364478a8c01132b20,images/c0b6a24cf78c7ef4842dbab6c76d822bce519ea0f67c681364478a8c01132b20.png,mmfakebench,gossipcop_midjourney,gossipcop_midjourney,train,AI_GENERATED,1,high,MMFB_MIDJOURNEY_AI,midjourney_v6_named_1024,news,midjourney_v6_named_1024,g013304,test,core,1024,1024,PNG,RGBA,1922606,c0b6a24cf78c7ef4842dbab6c76d822bce519ea0f67c681364478a8c01132b20,1,5,1
img_c0c2970a01b302e4ffd4c68b287ef5981f16bba8777d6e0c1ad23b5408ab6d37,images/c0c2970a01b302e4ffd4c68b287ef5981f16bba8777d6e0c1ad23b5408ab6d37.png,mmfakebench,gossipcop_midjourney,gossipcop_midjourney,train,AI_GENERATED,1,high,MMFB_MIDJOURNEY_AI,midjourney_v6_named_1024,news,midjourney_v6_named_1024,g013308,test,core,1024,1024,PNG,RGBA,1614393,c0c2970a01b302e4ffd4c68b287ef5981f16bba8777d6e0c1ad23b5408ab6d37,1,5,1
img_c0f2c9a1b7bb14f901efe9189f60f22e32fd991a2170d60b0a557d6bbc0b50b0,images/c0f2c9a1b7bb14f901efe9189f60f22e32fd991a2170d60b0a557d6bbc0b50b0.png,mmfakebench,coco_text_edit,coco_text_edit,train,AI_GENERATED,1,medium-high,MMFB_COCO_CF_AI,sd512_counterfactual,coco,sd512_counterfactual,g013327,test,core,512,512,PNG,RGBA,178678,c0f2c9a1b7bb14f901efe9189f60f22e32fd991a2170d60b0a557d6bbc0b50b0,1,5,1
img_c105494c4146dbc5279f02311d3e8a4b013418ea03d21c204e72fea9e90a89b7,images/c105494c4146dbc5279f02311d3e8a4b013418ea03d21c204e72fea9e90a89b7.png,mmfakebench,fakeddit,fakeddit,train,REAL,0,medium-high,MMFB_GENUINE_REAL,,fakeddit,mmfb_fakeddit_real,g013335,test,core,320,427,PNG,RGBA,136490,c105494c4146dbc5279f02311d3e8a4b013418ea03d21c204e72fea9e90a89b7,1,4,0
img_c1b19637ae5d088da3b02f5f4b31c83c1e7580f2fb7e53ca286d8cb1da018156,images/c1b19637ae5d088da3b02f5f4b31c83c1e7580f2fb7e53ca286d8cb1da018156.png,mmfakebench,Fakeddit_photo_edit,Fakeddit_photo_edit,train,MANIPULATED,2,medium-high,MMFB_PHOTO_EDIT_MANIPULATED,,fakeddit,fakeddit_photo_edit,g013389,test,core,851,1108,PNG,RGBA,943663,c1b19637ae5d088da3b02f5f4b31c83c1e7580f2fb7e53ca286d8cb1da018156,1,3,1
img_c2ad80dac12d4f3d9c01d3ba0de5f3fd081857917136ad4b481247174f9673cb,images/c2ad80dac12d4f3d9c01d3ba0de5f3fd081857917136ad4b481247174f9673cb.png,mmfakebench,fever_AI,fever_AI,train,AI_GENERATED,1,high,MMFB_FEVER_AI,dalle3_style_1024,news,dalle3_style_1024,g013458,test,core,1024,1024,PNG,RGBA,1955790,c2ad80dac12d4f3d9c01d3ba0de5f3fd081857917136ad4b481247174f9673cb,1,5,1
img_c3560385e8f3b1a8cbe1f17cbf37906c86240eab94fbaffef626dbe5b161441d,images/c3560385e8f3b1a8cbe1f17cbf37906c86240eab94fbaffef626dbe5b161441d.png,mmfakebench,coco,coco,train,REAL,0,high,MMFB_GENUINE_REAL,,coco,mmfb_coco_real,g013499,test,core,500,333,PNG,RGBA,253771,c3560385e8f3b1a8cbe1f17cbf37906c86240eab94fbaffef626dbe5b161441d,1,4,0
img_c385ca0bc416dfc8317975c649db8e21a6cda53bc75e5bf6cc0a995cc27e5961,images/c385ca0bc416dfc8317975c649db8e21a6cda53bc75e5bf6cc0a995cc27e5961.png,mmfakebench,fever_AI,fever_AI,train,AI_GENERATED,1,high,MMFB_FEVER_AI,dalle3_style_1024,news,dalle3_style_1024,g013512,test,core,1024,1024,PNG,RGBA,1805382,c385ca0bc416dfc8317975c649db8e21a6cda53bc75e5bf6cc0a995cc27e5961,1,5,1
img_c423315cef7af9a5de581f4b89de811b0bc00e3d91c9e89ba2a69c9d8e4132aa,images/c423315cef7af9a5de581f4b89de811b0bc00e3d91c9e89ba2a69c9d8e4132aa.png,mmfakebench,coco_text_edit,coco_text_edit,train,AI_GENERATED,1,medium-high,MMFB_COCO_CF_AI,sd512_counterfactual,coco,sd512_counterfactual,g013569,test,core,512,512,PNG,RGBA,323648,c423315cef7af9a5de581f4b89de811b0bc00e3d91c9e89ba2a69c9d8e4132aa,1,5,1
img_c43f63e4d8ed2662f73d12a31ec49cc108662ffaecc7deae5b3b30207957dd97,images/c43f63e4d8ed2662f73d12a31ec49cc108662ffaecc7deae5b3b30207957dd97.png,mmfakebench,antifact_image_generation,antifact_image_generation,train,AI_GENERATED,1,high,MMFB_ANTIFACT_AI,midjourney_style_1024,news,midjourney_style_1024,g013576,test,core,1024,1024,PNG,RGBA,2084811,c43f63e4d8ed2662f73d12a31ec49cc108662ffaecc7deae5b3b30207957dd97,1,3,1
img_c449f507dd496ee771aa1af58f80fee66d9af963276c58b6f1ed665b8be7d77f,images/c449f507dd496ee771aa1af58f80fee66d9af963276c58b6f1ed665b8be7d77f.png,mmfakebench,coco_image_edit,coco_image_edit,train,AI_GENERATED,1,medium-high,MMFB_COCO_CF_AI,sd512_counterfactual,coco,sd512_counterfactual,g013583,test,core,512,512,PNG,RGBA,463441,c449f507dd496ee771aa1af58f80fee66d9af963276c58b6f1ed665b8be7d77f,1,3,1
img_c4ad364837465136973072d244caeb7bb339a87dbbfd4bcd366d150b7cc6987f,images/c4ad364837465136973072d244caeb7bb339a87dbbfd4bcd366d150b7cc6987f.png,mmfakebench,antifact_image_generation,antifact_image_generation,train,AI_GENERATED,1,high,MMFB_ANTIFACT_AI,midjourney_style_1024,news,midjourney_style_1024,g013602,test,core,1024,1024,PNG,RGB,1880231,c4ad364837465136973072d244caeb7bb339a87dbbfd4bcd366d150b7cc6987f,1,3,1
img_c5dba601b631a3bd89ffcc7f436ca6c965fafe0378b9459c8efaeff21c2ab2ae,images/c5dba601b631a3bd89ffcc7f436ca6c965fafe0378b9459c8efaeff21c2ab2ae.png,mmfakebench,chatgpt_match,chatgpt_match,train,REAL,0,high,MMFB_FAKE_TEXT_REAL_IMAGE,,news,mmfb_visualnews_png,g013672,test,core,384,256,PNG,RGBA,120759,c5dba601b631a3bd89ffcc7f436ca6c965fafe0378b9459c8efaeff21c2ab2ae,1,2,0
img_c5fcec232e682d57eb0d318ec52f3bd2a5d143d778f25581afa991b1ad0921b5,images/c5fcec232e682d57eb0d318ec52f3bd2a5d143d778f25581afa991b1ad0921b5.png,mmfakebench,fever_AI,fever_AI,train,AI_GENERATED,1,high,MMFB_FEVER_AI,dalle3_style_1024,news,dalle3_style_1024,g013682,test,core,1024,1024,PNG,RGB,2162243,c5fcec232e682d57eb0d318ec52f3bd2a5d143d778f25581afa991b1ad0921b5,1,5,1
img_c676243fe906ae96ab5dc8d28d697989c8bd6935eaee8dd8bb682e208492aebd,images/c676243fe906ae96ab5dc8d28d697989c8bd6935eaee8dd8bb682e208492aebd.png,mmfakebench,coco,coco,train,REAL,0,high,MMFB_GENUINE_REAL,,coco,mmfb_coco_real,g013705,test,core,640,426,PNG,RGBA,482785,c676243fe906ae96ab5dc8d28d697989c8bd6935eaee8dd8bb682e208492aebd,1,4,0
img_c6a74cc122491e037c637f18c6d0e6ca8e88ed47a000d8df4133d46b3a1804bc,images/c6a74cc122491e037c637f18c6d0e6ca8e88ed47a000d8df4133d46b3a1804bc.png,mmfakebench,fakeddit,fakeddit,train,REAL,0,medium-high,MMFB_GENUINE_REAL,,fakeddit,mmfb_fakeddit_real,g013719,test,core,320,238,PNG,RGBA,124678,c6a74cc122491e037c637f18c6d0e6ca8e88ed47a000d8df4133d46b3a1804bc,1,4,0
img_c732a8a365904035c6c3478be796101b80bd16c5f7b65b416a9fee0791f0115f,images/c732a8a365904035c6c3478be796101b80bd16c5f7b65b416a9fee0791f0115f.png,mmfakebench,llm_rewrite,llm_rewrite,train,AI_GENERATED,1,high,MMFB_LLM_AI,llm_1024_mixed,news,llm_1024_mixed,g013757,test,core,1024,1024,PNG,RGB,1522996,c732a8a365904035c6c3478be796101b80bd16c5f7b65b416a9fee0791f0115f,1,5,1
img_c7be9ad4ae6ff23dac5227c7e8739afe4bd91c70c0841e3ee135399837f19530,images/c7be9ad4ae6ff23dac5227c7e8739afe4bd91c70c0841e3ee135399837f19530.png,mmfakebench,coco,coco,train,REAL,0,high,MMFB_GENUINE_REAL,,coco,mmfb_coco_real,g013797,test,core,640,359,PNG,RGBA,280970,c7be9ad4ae6ff23dac5227c7e8739afe4bd91c70c0841e3ee135399837f19530,1,4,0
img_c82d6963a824ec7b9e43e15d2a4803c53535e07d0eca77bf5e4c08b302a5684e,images/c82d6963a824ec7b9e43e15d2a4803c53535e07d0eca77bf5e4c08b302a5684e.png,mmfakebench,Fakeddit_photo_edit,Fakeddit_photo_edit,train,MANIPULATED,2,medium-high,MMFB_PHOTO_EDIT_MANIPULATED,,fakeddit,fakeddit_photo_edit,g013823,test,core,851,921,PNG,RGBA,842932,c82d6963a824ec7b9e43e15d2a4803c53535e07d0eca77bf5e4c08b302a5684e,1,3,1
img_c84381b5d48222ae6e8462da4f5a53d9624177ecf27666ac650d3e93387c8b28,images/c84381b5d48222ae6e8462da4f5a53d9624177ecf27666ac650d3e93387c8b28.png,mmfakebench,fever_AI,fever_AI,train,AI_GENERATED,1,high,MMFB_FEVER_AI,dalle3_style_1024,news,dalle3_style_1024,g013827,test,core,1024,1024,PNG,RGB,1335199,c84381b5d48222ae6e8462da4f5a53d9624177ecf27666ac650d3e93387c8b28,1,5,1
img_c926d801c3d453211a88b5250c7fed2393e9b3be4fbcf6758158891de4250794,images/c926d801c3d453211a88b5250c7fed2393e9b3be4fbcf6758158891de4250794.png,mmfakebench,antifact_image_generation,antifact_image_generation,train,AI_GENERATED,1,high,MMFB_ANTIFACT_AI,midjourney_style_1024,news,midjourney_style_1024,g013889,test,core,1024,1024,PNG,RGBA,1820238,c926d801c3d453211a88b5250c7fed2393e9b3be4fbcf6758158891de4250794,1,3,1
img_c93d13af1934095d4f951f0545b2db3732e24662f6b5d2ec827e9f07eb912b1e,images/c93d13af1934095d4f951f0545b2db3732e24662f6b5d2ec827e9f07eb912b1e.png,mmfakebench,coco,coco,train,REAL,0,high,MMFB_GENUINE_REAL,,coco,mmfb_coco_real,g013898,test,core,640,426,PNG,RGBA,530350,c93d13af1934095d4f951f0545b2db3732e24662f6b5d2ec827e9f07eb912b1e,1,4,0
img_c94316752e3f77a387721e4f5a7238d2de13b43d7ef405937a920aec5591d216,images/c94316752e3f77a387721e4f5a7238d2de13b43d7ef405937a920aec5591d216.png,mmfakebench,Fakeddit_photo_edit,Fakeddit_photo_edit,train,MANIPULATED,2,medium-high,MMFB_PHOTO_EDIT_MANIPULATED,,fakeddit,fakeddit_photo_edit,g013899,test,core,320,378,PNG,RGBA,115021,c94316752e3f77a387721e4f5a7238d2de13b43d7ef405937a920aec5591d216,1,3,1
img_c9beef4651790576f3336fec95e7a2e73b9fb7faeafe1aa3b028bf4f31abc056,images/c9beef4651790576f3336fec95e7a2e73b9fb7faeafe1aa3b028bf4f31abc056.png,mmfakebench,fakeddit,fakeddit,train,REAL,0,medium-high,MMFB_GENUINE_REAL,,fakeddit,mmfb_fakeddit_real,g013934,test,core,320,427,PNG,RGBA,151395,c9beef4651790576f3336fec95e7a2e73b9fb7faeafe1aa3b028bf4f31abc056,1,4,0
img_cad666711f91a8f9fc7c2a1f729d7e7c95c91a9f685259fb4a8e8c634f66f0ac,images/cad666711f91a8f9fc7c2a1f729d7e7c95c91a9f685259fb4a8e8c634f66f0ac.jpg,NewsCLIPpings,,,train,REAL,0,high,NC_PAIRED_REAL,,news,nc_jpeg,g006444,test,core,426,256,JPEG,RGB,50446,cad666711f91a8f9fc7c2a1f729d7e7c95c91a9f685259fb4a8e8c634f66f0ac,1,4,0
img_caf4203b30662f3db3cb5741b7df8c106ed8030be3be7a01b2160bc50063bbba,images/caf4203b30662f3db3cb5741b7df8c106ed8030be3be7a01b2160bc50063bbba.png,mmfakebench,antifact_image_generation,antifact_image_generation,train,AI_GENERATED,1,high,MMFB_ANTIFACT_AI,midjourney_style_1024,news,midjourney_style_1024,g014007,test,core,1024,1024,PNG,RGB,1747141,caf4203b30662f3db3cb5741b7df8c106ed8030be3be7a01b2160bc50063bbba,1,3,1
img_cafb950e29b30aca51b5f121523adb899eb88742a14afaf616871c900a69a38d,images/cafb950e29b30aca51b5f121523adb899eb88742a14afaf616871c900a69a38d.png,mmfakebench,coco_text_edit,coco_text_edit,train,AI_GENERATED,1,medium-high,MMFB_COCO_CF_AI,sd512_counterfactual,coco,sd512_counterfactual,g014009,test,core,512,512,PNG,RGBA,354327,cafb950e29b30aca51b5f121523adb899eb88742a14afaf616871c900a69a38d,1,5,1
img_cb311e7a4a37b4bf2772402e556a9948b86c7ac4e20b35ff77cecc6a55e15e28,images/cb311e7a4a37b4bf2772402e556a9948b86c7ac4e20b35ff77cecc6a55e15e28.png,mmfakebench,antifact_image_generation,antifact_image_generation,train,AI_GENERATED,1,high,MMFB_ANTIFACT_AI,midjourney_style_1024,news,midjourney_style_1024,g014026,test,core,1024,1024,PNG,RGBA,1741290,cb311e7a4a37b4bf2772402e556a9948b86c7ac4e20b35ff77cecc6a55e15e28,1,3,1
img_cb6a6ab9c884aa1fce6dfecd6acdc5f3fc132087519dcb501ba693047055afdc,images/cb6a6ab9c884aa1fce6dfecd6acdc5f3fc132087519dcb501ba693047055afdc.png,mmfakebench,fakeddit,fakeddit,train,REAL,0,medium-high,MMFB_GENUINE_REAL,,fakeddit,mmfb_fakeddit_real,g014042,test,core,320,240,PNG,RGBA,103173,cb6a6ab9c884aa1fce6dfecd6acdc5f3fc132087519dcb501ba693047055afdc,1,4,0
img_cb766447e0cf6947b230e5936cf7cefc23bbaa930d368ceda26a66515a7e921f,images/cb766447e0cf6947b230e5936cf7cefc23bbaa930d368ceda26a66515a7e921f.png,mmfakebench,fakeddit,fakeddit,train,REAL,0,medium-high,MMFB_GENUINE_REAL,,fakeddit,mmfb_fakeddit_real,g014046,test,core,320,240,PNG,RGBA,157464,cb766447e0cf6947b230e5936cf7cefc23bbaa930d368ceda26a66515a7e921f,1,4,0
img_cc07cda8a0a93d313ebc703dd44e09d1538f4d8aaaf71bba513331c8eff494de,images/cc07cda8a0a93d313ebc703dd44e09d1538f4d8aaaf71bba513331c8eff494de.png,mmfakebench,Fakeddit_photo_edit,Fakeddit_photo_edit,train,MANIPULATED,2,medium-high,MMFB_PHOTO_EDIT_MANIPULATED,,fakeddit,fakeddit_photo_edit,g014091,test,core,1045,794,PNG,RGBA,620281,cc07cda8a0a93d313ebc703dd44e09d1538f4d8aaaf71bba513331c8eff494de,1,3,1
img_cc0b07f0de833bf16b5b5158c54a108320df32dd42991e978e071d23a7f332d7,images/cc0b07f0de833bf16b5b5158c54a108320df32dd42991e978e071d23a7f332d7.png,mmfakebench,antifact_image_generation,antifact_image_generation,train,AI_GENERATED,1,high,MMFB_ANTIFACT_AI,midjourney_style_1024,news,midjourney_style_1024,g014092,test,core,1024,1024,PNG,RGB,1917805,cc0b07f0de833bf16b5b5158c54a108320df32dd42991e978e071d23a7f332d7,1,3,1
img_cc9e00b0f840d7476fd6fca97e0586601fd2d2f373dcdc59043ca0ce16ea9b11,images/cc9e00b0f840d7476fd6fca97e0586601fd2d2f373dcdc59043ca0ce16ea9b11.jpg,newsclippings,guardian,guardian,train,REAL,0,high,NC_SUPPLEMENT_REAL,,news,nc_jpeg,g014149,test,core,426,256,JPEG,RGB,43513,cc9e00b0f840d7476fd6fca97e0586601fd2d2f373dcdc59043ca0ce16ea9b11,1,4,0
img_ccbf0484f528d681cb815e0e23f2aa66cfb6ae6e597ff615b98d4b1639c686dc,images/ccbf0484f528d681cb815e0e23f2aa66cfb6ae6e597ff615b98d4b1639c686dc.jpg,NewsCLIPpings,,,train,REAL,0,high,NC_PAIRED_REAL,,news,nc_jpeg,g005434,test,core,383,256,JPEG,RGB,8233,ccbf0484f528d681cb815e0e23f2aa66cfb6ae6e597ff615b98d4b1639c686dc,1,4,0
img_cd2c46c6e8b129663ebc9ebc9600a5f26cae0d8e5d687241179632205e3651a1,images/cd2c46c6e8b129663ebc9ebc9600a5f26cae0d8e5d687241179632205e3651a1.png,mmfakebench,antifact_image_generation,antifact_image_generation,train,AI_GENERATED,1,high,MMFB_ANTIFACT_AI,midjourney_style_1024,news,midjourney_style_1024,g014187,test,core,1024,1024,PNG,RGBA,2112972,cd2c46c6e8b129663ebc9ebc9600a5f26cae0d8e5d687241179632205e3651a1,1,3,1
img_cd7010fecab50d9e92c984189440fc412331dc141e60e802a2f2378d9463c34f,images/cd7010fecab50d9e92c984189440fc412331dc141e60e802a2f2378d9463c34f.png,mmfakebench,fever_AI,fever_AI,train,AI_GENERATED,1,high,MMFB_FEVER_AI,dalle3_style_1024,news,dalle3_style_1024,g014203,test,core,1024,1024,PNG,RGBA,1338357,cd7010fecab50d9e92c984189440fc412331dc141e60e802a2f2378d9463c34f,1,5,1
img_cdd65fa180805e2738112e9d4c3ce7dc21813d40a17fda5071025939e522c79a,images/cdd65fa180805e2738112e9d4c3ce7dc21813d40a17fda5071025939e522c79a.png,mmfakebench,llm_gossip_md_generation,llm_gossip_md_generation,train,AI_GENERATED,1,high,MMFB_LLM_AI,llm_1024_mixed,news,llm_1024_mixed,g014232,test,core,1024,1024,PNG,RGB,1940685,cdd65fa180805e2738112e9d4c3ce7dc21813d40a17fda5071025939e522c79a,1,5,1
img_ceb2995af6b651211fa8d6afe1d56f9705cf6d3a85dbcb37c27ef2e38a648ee7,images/ceb2995af6b651211fa8d6afe1d56f9705cf6d3a85dbcb37c27ef2e38a648ee7.png,mmfakebench,usa_today,usa_today,train,REAL,0,high,MMFB_GENUINE_REAL,,news,mmfb_visualnews_png,g014276,test,core,384,256,PNG,RGBA,114650,ceb2995af6b651211fa8d6afe1d56f9705cf6d3a85dbcb37c27ef2e38a648ee7,1,4,0
img_cff612e3b9f6517d31b74ce904844692129dea983cf896e6dc128ba3ef47c3ee,images/cff612e3b9f6517d31b74ce904844692129dea983cf896e6dc128ba3ef47c3ee.png,mmfakebench,Newsclipings_person,Newsclipings_person,train,REAL,0,high,MMFB_OOC_REAL,,news,mmfb_visualnews_png,g014372,test,core,384,256,PNG,RGBA,182424,cff612e3b9f6517d31b74ce904844692129dea983cf896e6dc128ba3ef47c3ee,1,1,0
img_d0bbc8f2011fdb2ea3a8c2ff2c13b33a06f100adb157ff107c54acec2b90a100,images/d0bbc8f2011fdb2ea3a8c2ff2c13b33a06f100adb157ff107c54acec2b90a100.png,mmfakebench,Fakeddit_photo_edit,Fakeddit_photo_edit,train,MANIPULATED,2,medium-high,MMFB_PHOTO_EDIT_MANIPULATED,,fakeddit,fakeddit_photo_edit,g014423,test,core,500,333,PNG,RGBA,171533,d0bbc8f2011fdb2ea3a8c2ff2c13b33a06f100adb157ff107c54acec2b90a100,1,3,1
img_d13a9a49650fbad4db08026d66f16a83d8ea9d337425f5daca50bb5482f59cef,images/d13a9a49650fbad4db08026d66f16a83d8ea9d337425f5daca50bb5482f59cef.png,mmfakebench,fever_AI,fever_AI,train,AI_GENERATED,1,high,MMFB_FEVER_AI,dalle3_style_1024,news,dalle3_style_1024,g014445,test,core,1024,1024,PNG,RGB,1553210,d13a9a49650fbad4db08026d66f16a83d8ea9d337425f5daca50bb5482f59cef,1,5,1
img_d1d76356519c070b5144ad60d6f36343c53861977ab3824b1df31cfa65bbc1de,images/d1d76356519c070b5144ad60d6f36343c53861977ab3824b1df31cfa65bbc1de.jpg,newsclippings,washington_post,washington_post,train,REAL,0,high,NC_SUPPLEMENT_REAL,,news,nc_jpeg,g014490,test,core,330,256,JPEG,RGB,28254,d1d76356519c070b5144ad60d6f36343c53861977ab3824b1df31cfa65bbc1de,1,4,0
img_d2255c349b88b347a3722eca2642cfd353d73ecc0bf0cc18bf77f2da33b9aaa9,images/d2255c349b88b347a3722eca2642cfd353d73ecc0bf0cc18bf77f2da33b9aaa9.png,mmfakebench,fakeddit,fakeddit,train,REAL,0,medium-high,MMFB_GENUINE_REAL,,fakeddit,mmfb_fakeddit_real,g014513,test,core,320,240,PNG,RGBA,141274,d2255c349b88b347a3722eca2642cfd353d73ecc0bf0cc18bf77f2da33b9aaa9,1,4,0
img_d243976cbcebdd372f5c6bda69081275c4b5c5064144c1473fccbaf5c8e10747,images/d243976cbcebdd372f5c6bda69081275c4b5c5064144c1473fccbaf5c8e10747.png,mmfakebench,fever_AI,fever_AI,train,AI_GENERATED,1,high,MMFB_FEVER_AI,dalle3_style_1024,news,dalle3_style_1024,g014520,test,core,1024,1024,PNG,RGB,1623742,d243976cbcebdd372f5c6bda69081275c4b5c5064144c1473fccbaf5c8e10747,1,5,1
img_d42b938be982520823ee7e745af2834fdf678b21bba32ff351e44b000d7915dd,images/d42b938be982520823ee7e745af2834fdf678b21bba32ff351e44b000d7915dd.png,mmfakebench,coco,coco,train,REAL,0,high,MMFB_GENUINE_REAL,,coco,mmfb_coco_real,g014654,test,core,640,480,PNG,RGBA,764667,d42b938be982520823ee7e745af2834fdf678b21bba32ff351e44b000d7915dd,1,4,0
img_d54350f5eda06bc6a55297d44e72fad3cdfcb0c87e1e6d38ade98b58ca8b45f3,images/d54350f5eda06bc6a55297d44e72fad3cdfcb0c87e1e6d38ade98b58ca8b45f3.png,mmfakebench,fever_AI,fever_AI,train,AI_GENERATED,1,high,MMFB_FEVER_AI,dalle3_style_1024,news,dalle3_style_1024,g014728,test,core,1024,1024,PNG,RGB,1568290,d54350f5eda06bc6a55297d44e72fad3cdfcb0c87e1e6d38ade98b58ca8b45f3,1,5,1
img_d55ad5adff2455567cf08645d31833278d62fcac99fbc942cb24b581dd908f68,images/d55ad5adff2455567cf08645d31833278d62fcac99fbc942cb24b581dd908f68.png,mmfakebench,antifact_image_generation,antifact_image_generation,train,AI_GENERATED,1,high,MMFB_ANTIFACT_AI,midjourney_style_1024,news,midjourney_style_1024,g014732,test,core,1024,1024,PNG,RGB,1767174,d55ad5adff2455567cf08645d31833278d62fcac99fbc942cb24b581dd908f68,1,3,1
img_d59a2e14ec81f4a5cbd1f76660e2c06a0e22639676d2c42840898b892a922f00,images/d59a2e14ec81f4a5cbd1f76660e2c06a0e22639676d2c42840898b892a922f00.png,mmfakebench,Fakeddit_photo_edit,Fakeddit_photo_edit,train,MANIPULATED,2,medium-high,MMFB_PHOTO_EDIT_MANIPULATED,,fakeddit,fakeddit_photo_edit,g014748,test,core,3000,1688,PNG,RGBA,887313,d59a2e14ec81f4a5cbd1f76660e2c06a0e22639676d2c42840898b892a922f00,1,3,1
img_d6008ba03c1c1cfa1709219274b3915a610f1fc8807f20850b885bcab6fbc737,images/d6008ba03c1c1cfa1709219274b3915a610f1fc8807f20850b885bcab6fbc737.png,mmfakebench,fever_AI,fever_AI,train,AI_GENERATED,1,high,MMFB_FEVER_AI,dalle3_style_1024,news,dalle3_style_1024,g014779,test,core,1024,1024,PNG,RGB,1738859,d6008ba03c1c1cfa1709219274b3915a610f1fc8807f20850b885bcab6fbc737,1,5,1
img_d65a2ed013173386a38c15961c47ee09c348625dfd573d4c3fc6f2cd8a97f4c8,images/d65a2ed013173386a38c15961c47ee09c348625dfd573d4c3fc6f2cd8a97f4c8.png,mmfakebench,llm_rewrite,llm_rewrite,train,AI_GENERATED,1,high,MMFB_LLM_AI,llm_1024_mixed,news,llm_1024_mixed,g014800,test,core,1024,1024,PNG,RGBA,1958656,d65a2ed013173386a38c15961c47ee09c348625dfd573d4c3fc6f2cd8a97f4c8,1,5,1
img_d6c089e0f4fa91a9b4749f4ef4e95272504788c04a3a354d65b2ce84801dc1a0,images/d6c089e0f4fa91a9b4749f4ef4e95272504788c04a3a354d65b2ce84801dc1a0.jpg,newsclippings,washington_post,washington_post,train,REAL,0,high,NC_SUPPLEMENT_REAL,,news,nc_jpeg,g014827,test,core,341,256,JPEG,RGB,24762,d6c089e0f4fa91a9b4749f4ef4e95272504788c04a3a354d65b2ce84801dc1a0,1,4,0
img_d7901a961f3fcf0b16fc4cd378a78bb4b09561464e20c006182b6b0b0a27e011,images/d7901a961f3fcf0b16fc4cd378a78bb4b09561464e20c006182b6b0b0a27e011.png,mmfakebench,Newsclipings_semantic,Newsclipings_semantic,train,REAL,0,high,MMFB_OOC_REAL,,news,mmfb_visualnews_png,g014890,test,core,426,256,PNG,RGBA,247224,d7901a961f3fcf0b16fc4cd378a78bb4b09561464e20c006182b6b0b0a27e011,1,1,0
img_d94c232ffde537e37a4db3875da8e52b670984c0756b0bf296680546828225e2,images/d94c232ffde537e37a4db3875da8e52b670984c0756b0bf296680546828225e2.png,mmfakebench,fever_AI,fever_AI,train,AI_GENERATED,1,high,MMFB_FEVER_AI,dalle3_style_1024,news,dalle3_style_1024,g014987,test,core,1024,1024,PNG,RGB,1786076,d94c232ffde537e37a4db3875da8e52b670984c0756b0bf296680546828225e2,1,5,1
img_da0fa7fd745b24c175dcf64a6609767b55f213e6508f6351337a20f13c8150ba,images/da0fa7fd745b24c175dcf64a6609767b55f213e6508f6351337a20f13c8150ba.png,mmfakebench,coco_image_edit,coco_image_edit,train,AI_GENERATED,1,medium-high,MMFB_COCO_CF_AI,sd512_counterfactual,coco,sd512_counterfactual,g015042,test,core,512,512,PNG,RGBA,290827,da0fa7fd745b24c175dcf64a6609767b55f213e6508f6351337a20f13c8150ba,1,3,1
img_da1d383fe57ec5b9c38c75b465bb7d7d244696bb76d38ec4aa88e8fee1098f9f,images/da1d383fe57ec5b9c38c75b465bb7d7d244696bb76d38ec4aa88e8fee1098f9f.png,mmfakebench,coco,coco,train,REAL,0,high,MMFB_GENUINE_REAL,,coco,mmfb_coco_real,g015047,test,core,640,427,PNG,RGBA,383086,da1d383fe57ec5b9c38c75b465bb7d7d244696bb76d38ec4aa88e8fee1098f9f,1,4,0
img_da62e1310821e74e085f3301d17aeabff116768c93642bd67f3717b7edba7f94,images/da62e1310821e74e085f3301d17aeabff116768c93642bd67f3717b7edba7f94.png,mmfakebench,rumor_match,rumor_match,train,REAL,0,high,MMFB_FAKE_TEXT_REAL_IMAGE,,news,mmfb_visualnews_png,g015072,test,core,426,256,PNG,RGBA,141888,da62e1310821e74e085f3301d17aeabff116768c93642bd67f3717b7edba7f94,1,2,0
img_da6ea0d907e17c69af40e3f863b3b2e3224651fcd37838e6e7f2511b00abde97,images/da6ea0d907e17c69af40e3f863b3b2e3224651fcd37838e6e7f2511b00abde97.png,mmfakebench,fever_AI,fever_AI,train,AI_GENERATED,1,high,MMFB_FEVER_AI,dalle3_style_1024,news,dalle3_style_1024,g015076,test,core,1024,1024,PNG,RGBA,1993641,da6ea0d907e17c69af40e3f863b3b2e3224651fcd37838e6e7f2511b00abde97,1,5,1
img_da745a8418010f99130d62376b8126de2ff1840241d39a1631b2008e05517695,images/da745a8418010f99130d62376b8126de2ff1840241d39a1631b2008e05517695.png,mmfakebench,fever_AI,fever_AI,train,AI_GENERATED,1,high,MMFB_FEVER_AI,dalle3_style_1024,news,dalle3_style_1024,g015082,test,core,1024,1024,PNG,RGB,1507760,da745a8418010f99130d62376b8126de2ff1840241d39a1631b2008e05517695,1,5,1
img_da8cf10f124c74bbd621c29bfa532d7db53b920dd29f7277146b38c521986dde,images/da8cf10f124c74bbd621c29bfa532d7db53b920dd29f7277146b38c521986dde.png,mmfakebench,chatgpt_match,chatgpt_match,train,REAL,0,high,MMFB_FAKE_TEXT_REAL_IMAGE,,news,mmfb_visualnews_png,g015088,test,core,426,256,PNG,RGBA,115567,da8cf10f124c74bbd621c29bfa532d7db53b920dd29f7277146b38c521986dde,1,2,0
img_db065d02bfc21559c0e0788b64c6e1321d502161c760341c500f9d48c2b6206c,images/db065d02bfc21559c0e0788b64c6e1321d502161c760341c500f9d48c2b6206c.jpg,NewsCLIPpings,,,train,REAL,0,high,NC_PAIRED_REAL,,news,nc_jpeg,g010450,test,core,426,256,JPEG,RGB,43694,db065d02bfc21559c0e0788b64c6e1321d502161c760341c500f9d48c2b6206c,1,4,0
img_db80d05ca47131215f052d12d2a46f84fd1e2e18f4d7efd1acfe87ef09e9eccf,images/db80d05ca47131215f052d12d2a46f84fd1e2e18f4d7efd1acfe87ef09e9eccf.png,mmfakebench,Fakeddit_photo_edit,Fakeddit_photo_edit,train,MANIPULATED,2,medium-high,MMFB_PHOTO_EDIT_MANIPULATED,,fakeddit,fakeddit_photo_edit,g015159,test,core,990,675,PNG,RGBA,1110915,db80d05ca47131215f052d12d2a46f84fd1e2e18f4d7efd1acfe87ef09e9eccf,1,3,1
img_dbfb76fdc03fa4993d88b40cf35e92b52e8f57a377ea42d1a0f96796b3d98d4d,images/dbfb76fdc03fa4993d88b40cf35e92b52e8f57a377ea42d1a0f96796b3d98d4d.png,mmfakebench,fakeddit,fakeddit,train,REAL,0,medium-high,MMFB_GENUINE_REAL,,fakeddit,mmfb_fakeddit_real,g015200,test,core,320,427,PNG,RGBA,219918,dbfb76fdc03fa4993d88b40cf35e92b52e8f57a377ea42d1a0f96796b3d98d4d,1,4,0
img_dc0da0c720415cf16e75dece1012791e5e66740c9e48fe0bd97afcbc3a400d05,images/dc0da0c720415cf16e75dece1012791e5e66740c9e48fe0bd97afcbc3a400d05.png,mmfakebench,fakeddit,fakeddit,train,REAL,0,medium-high,MMFB_GENUINE_REAL,,fakeddit,mmfb_fakeddit_real,g015207,test,core,320,478,PNG,RGBA,170634,dc0da0c720415cf16e75dece1012791e5e66740c9e48fe0bd97afcbc3a400d05,1,4,0
img_dc5847f9f98000bce0a640e8d7ad2f4cf128d9cbd0b7856e9fc89054b3f710e4,images/dc5847f9f98000bce0a640e8d7ad2f4cf128d9cbd0b7856e9fc89054b3f710e4.jpg,NewsCLIPpings,,,train,REAL,0,high,NC_PAIRED_REAL,,news,nc_jpeg,g002857,test,core,384,256,JPEG,RGB,11490,dc5847f9f98000bce0a640e8d7ad2f4cf128d9cbd0b7856e9fc89054b3f710e4,1,1,0
img_dcb2d50e00d241693369f3ab0760b1c92d79749e58f7b6365dee986f492565b5,images/dcb2d50e00d241693369f3ab0760b1c92d79749e58f7b6365dee986f492565b5.png,mmfakebench,coco,coco,train,REAL,0,high,MMFB_GENUINE_REAL,,coco,mmfb_coco_real,g015244,test,core,640,426,PNG,RGBA,503159,dcb2d50e00d241693369f3ab0760b1c92d79749e58f7b6365dee986f492565b5,1,4,0
img_dcbc19460e85ce2b08cf2bcd547ad444fcaff830e7399ed01a6f3e61cd88a89b,images/dcbc19460e85ce2b08cf2bcd547ad444fcaff830e7399ed01a6f3e61cd88a89b.png,mmfakebench,Newsclipings_semantic,Newsclipings_semantic,train,REAL,0,high,MMFB_OOC_REAL,,news,mmfb_visualnews_png,g015248,test,core,426,256,PNG,RGBA,187872,dcbc19460e85ce2b08cf2bcd547ad444fcaff830e7399ed01a6f3e61cd88a89b,1,1,0
img_dd5ad49bf683017cab46cfdfb9585dec1720f61419eb8feed026f78576b1593e,images/dd5ad49bf683017cab46cfdfb9585dec1720f61419eb8feed026f78576b1593e.png,mmfakebench,Fakeddit_photo_edit,Fakeddit_photo_edit,train,MANIPULATED,2,medium-high,MMFB_PHOTO_EDIT_MANIPULATED,,fakeddit,fakeddit_photo_edit,g015287,test,core,550,412,PNG,RGBA,431577,dd5ad49bf683017cab46cfdfb9585dec1720f61419eb8feed026f78576b1593e,1,3,1
img_dd795420ca463048fc29f4838ea19f371c918bbdcc913f82d067f09b466540e8,images/dd795420ca463048fc29f4838ea19f371c918bbdcc913f82d067f09b466540e8.png,mmfakebench,llm_gossip_md_generation,llm_gossip_md_generation,train,AI_GENERATED,1,high,MMFB_LLM_AI,llm_1024_mixed,news,llm_1024_mixed,g015299,test,core,1024,1024,PNG,RGBA,1880206,dd795420ca463048fc29f4838ea19f371c918bbdcc913f82d067f09b466540e8,1,5,1
img_de86fba5d70316bd0d2d2d0d9cc45e5dcec584e8f023b193334b10dbf77fa163,images/de86fba5d70316bd0d2d2d0d9cc45e5dcec584e8f023b193334b10dbf77fa163.png,mmfakebench,Fakeddit_photo_edit,Fakeddit_photo_edit,train,MANIPULATED,2,medium-high,MMFB_PHOTO_EDIT_MANIPULATED,,fakeddit,fakeddit_photo_edit,g015368,test,core,320,200,PNG,RGBA,82211,de86fba5d70316bd0d2d2d0d9cc45e5dcec584e8f023b193334b10dbf77fa163,1,3,1
img_dedee78b7bc56b1b1f7724f940ece1eb87c85580fec7aa2e507ccba33549033f,images/dedee78b7bc56b1b1f7724f940ece1eb87c85580fec7aa2e507ccba33549033f.png,mmfakebench,antifact_image_generation,antifact_image_generation,train,AI_GENERATED,1,high,MMFB_ANTIFACT_AI,midjourney_style_1024,news,midjourney_style_1024,g015383,test,core,1024,1024,PNG,RGB,1925156,dedee78b7bc56b1b1f7724f940ece1eb87c85580fec7aa2e507ccba33549033f,1,3,1
img_df63d6f4dab722911af30068b78061a349b35a6e29d559adc1ca4fc75842be16,images/df63d6f4dab722911af30068b78061a349b35a6e29d559adc1ca4fc75842be16.png,mmfakebench,coco,coco,train,REAL,0,high,MMFB_GENUINE_REAL,,coco,mmfb_coco_real,g015424,test,core,500,375,PNG,RGBA,309257,df63d6f4dab722911af30068b78061a349b35a6e29d559adc1ca4fc75842be16,1,4,0
img_dfee43352780798449c80499abf515446a62bc639eb115bdfa90d7e0b1c60dbe,images/dfee43352780798449c80499abf515446a62bc639eb115bdfa90d7e0b1c60dbe.png,mmfakebench,coco,coco,train,REAL,0,high,MMFB_GENUINE_REAL,,coco,mmfb_coco_real,g015475,test,core,640,431,PNG,RGBA,737261,dfee43352780798449c80499abf515446a62bc639eb115bdfa90d7e0b1c60dbe,1,4,0
img_dff03af303e1f03663d893ea32650d25f16440332577c8e1e8a395bbcdd05125,images/dff03af303e1f03663d893ea32650d25f16440332577c8e1e8a395bbcdd05125.png,mmfakebench,fever_AI,fever_AI,train,AI_GENERATED,1,high,MMFB_FEVER_AI,dalle3_style_1024,news,dalle3_style_1024,g015476,test,core,1024,1024,PNG,RGB,1577804,dff03af303e1f03663d893ea32650d25f16440332577c8e1e8a395bbcdd05125,1,5,1
img_e0053a51047694a210ba0f8fb44dd371fce4df0f57be4d45a1ab77f1ace0b3b7,images/e0053a51047694a210ba0f8fb44dd371fce4df0f57be4d45a1ab77f1ace0b3b7.png,mmfakebench,guardian,guardian,train,REAL,0,high,MMFB_GENUINE_REAL,,news,mmfb_visualnews_png,g015486,test,core,426,256,PNG,RGBA,133801,e0053a51047694a210ba0f8fb44dd371fce4df0f57be4d45a1ab77f1ace0b3b7,1,4,0
img_e0a88130ddd0b65cdbc2ab49dec55ec130cb2fd9f55f7f91c06ea509bb3b56d8,images/e0a88130ddd0b65cdbc2ab49dec55ec130cb2fd9f55f7f91c06ea509bb3b56d8.png,mmfakebench,coco_text_edit,coco_text_edit,train,AI_GENERATED,1,medium-high,MMFB_COCO_CF_AI,sd512_counterfactual,coco,sd512_counterfactual,g015515,test,core,512,512,PNG,RGBA,369684,e0a88130ddd0b65cdbc2ab49dec55ec130cb2fd9f55f7f91c06ea509bb3b56d8,1,5,1
img_e171089b96ea3209a581f8e154cf19878b5d7e7d1634f53c043bdb393637f911,images/e171089b96ea3209a581f8e154cf19878b5d7e7d1634f53c043bdb393637f911.png,mmfakebench,Newsclipings_semantic,Newsclipings_semantic,train,REAL,0,high,MMFB_OOC_REAL,,news,mmfb_visualnews_png,g015567,test,core,426,256,PNG,RGBA,199507,e171089b96ea3209a581f8e154cf19878b5d7e7d1634f53c043bdb393637f911,1,1,0
img_e20253ed76f88d1ef3e13be8efe094ee6928bfd190842a9f28ef23018f0ff0c4,images/e20253ed76f88d1ef3e13be8efe094ee6928bfd190842a9f28ef23018f0ff0c4.png,mmfakebench,usa_today,usa_today,train,REAL,0,high,MMFB_GENUINE_REAL,,news,mmfb_visualnews_png,g015609,test,core,256,385,PNG,RGBA,212674,e20253ed76f88d1ef3e13be8efe094ee6928bfd190842a9f28ef23018f0ff0c4,1,4,0
img_e214a4551d5b139099272976ec730c46dafb7b6c713084d32e3d98c787306432,images/e214a4551d5b139099272976ec730c46dafb7b6c713084d32e3d98c787306432.png,mmfakebench,coco,coco,train,REAL,0,high,MMFB_GENUINE_REAL,,coco,mmfb_coco_real,g015618,test,core,270,360,PNG,RGBA,181318,e214a4551d5b139099272976ec730c46dafb7b6c713084d32e3d98c787306432,1,4,0
img_e2550bdb948787bdfc161317b3582c49a2b337e85c5aa3e51505b13c1bcb0375,images/e2550bdb948787bdfc161317b3582c49a2b337e85c5aa3e51505b13c1bcb0375.png,mmfakebench,Newsclipings_scene,Newsclipings_scene,train,REAL,0,high,MMFB_OOC_REAL,,news,mmfb_visualnews_png,g015636,test,core,376,256,PNG,RGBA,187877,e2550bdb948787bdfc161317b3582c49a2b337e85c5aa3e51505b13c1bcb0375,1,1,0
img_e26cdb2c2278c482607e6efe45b280dea655ac04a781e4ee72a763a551fa0573,images/e26cdb2c2278c482607e6efe45b280dea655ac04a781e4ee72a763a551fa0573.png,mmfakebench,fakeddit,fakeddit,train,REAL,0,medium-high,MMFB_GENUINE_REAL,,fakeddit,mmfb_fakeddit_real,g015640,test,core,320,320,PNG,RGBA,67767,e26cdb2c2278c482607e6efe45b280dea655ac04a781e4ee72a763a551fa0573,1,4,0
img_e29eb4e383b4d6de557d46624c5c1809a80ec58f8f6df68ef17e9f9d228ec46b,images/e29eb4e383b4d6de557d46624c5c1809a80ec58f8f6df68ef17e9f9d228ec46b.jpg,NewsCLIPpings,,,train,REAL,0,high,NC_PAIRED_REAL,,news,nc_jpeg,g002600,test,core,383,256,JPEG,RGB,17755,e29eb4e383b4d6de557d46624c5c1809a80ec58f8f6df68ef17e9f9d228ec46b,1,1,0
img_e2ac210d9f18ab5dad0611c6745a0f654b6f449c8fff9052727848802f2e2753,images/e2ac210d9f18ab5dad0611c6745a0f654b6f449c8fff9052727848802f2e2753.png,mmfakebench,fakeddit,fakeddit,train,REAL,0,medium-high,MMFB_GENUINE_REAL,,fakeddit,mmfb_fakeddit_real,g015655,test,core,320,374,PNG,RGBA,253834,e2ac210d9f18ab5dad0611c6745a0f654b6f449c8fff9052727848802f2e2753,1,4,0
img_e2d26e030f26ae50c8e8e1368ddf556afeefacf297c8e962d659dc0de5631280,images/e2d26e030f26ae50c8e8e1368ddf556afeefacf297c8e962d659dc0de5631280.png,mmfakebench,coco_image_edit,coco_image_edit,train,AI_GENERATED,1,medium-high,MMFB_COCO_CF_AI,sd512_counterfactual,coco,sd512_counterfactual,g015663,test,core,512,512,PNG,RGBA,340729,e2d26e030f26ae50c8e8e1368ddf556afeefacf297c8e962d659dc0de5631280,1,3,1
img_e301fe7794530cd044798a32a2be7b7f290cfd5b679239a991b475b918b62a2d,images/e301fe7794530cd044798a32a2be7b7f290cfd5b679239a991b475b918b62a2d.png,mmfakebench,DGM4_text_edit_senti,DGM4_text_edit_senti,train,REAL,0,high,MMFB_TEXT_EDIT_REAL_IMAGE,,news,mmfb_visualnews_png,g015673,test,core,464,261,PNG,RGBA,205533,e301fe7794530cd044798a32a2be7b7f290cfd5b679239a991b475b918b62a2d,1,2,0
img_e362445f090dda134e7600e9ff172bc12d70b9774299b4fd1285ac3eddc59750,images/e362445f090dda134e7600e9ff172bc12d70b9774299b4fd1285ac3eddc59750.png,mmfakebench,coco,coco,train,REAL,0,high,MMFB_GENUINE_REAL,,coco,mmfb_coco_real,g015703,test,core,500,336,PNG,RGBA,332943,e362445f090dda134e7600e9ff172bc12d70b9774299b4fd1285ac3eddc59750,1,4,0
img_e45e7c32e9e89392662bf5f154f860cdb9e473a24ffaeeda254cb6550ea84b18,images/e45e7c32e9e89392662bf5f154f860cdb9e473a24ffaeeda254cb6550ea84b18.png,mmfakebench,Fakeddit_photo_edit,Fakeddit_photo_edit,train,MANIPULATED,2,medium-high,MMFB_PHOTO_EDIT_MANIPULATED,,fakeddit,fakeddit_photo_edit,g015773,test,core,1200,803,PNG,RGBA,654978,e45e7c32e9e89392662bf5f154f860cdb9e473a24ffaeeda254cb6550ea84b18,1,3,1
img_e5ed346d2106b5eebe8eecdacbb0d4d53a834f54060a7e6e10d0754e58d3c568,images/e5ed346d2106b5eebe8eecdacbb0d4d53a834f54060a7e6e10d0754e58d3c568.png,mmfakebench,guardian,guardian,train,REAL,0,high,MMFB_GENUINE_REAL,,news,mmfb_visualnews_png,g015862,test,core,426,256,PNG,RGBA,118587,e5ed346d2106b5eebe8eecdacbb0d4d53a834f54060a7e6e10d0754e58d3c568,1,4,0
img_e618985688e40cd510be5ce396518800bf7e8079a1df32e7fbe5350631f90dc3,images/e618985688e40cd510be5ce396518800bf7e8079a1df32e7fbe5350631f90dc3.png,mmfakebench,Newsclipings_person,Newsclipings_person,train,REAL,0,high,MMFB_OOC_REAL,,news,mmfb_visualnews_png,g015875,test,core,384,256,PNG,RGBA,148634,e618985688e40cd510be5ce396518800bf7e8079a1df32e7fbe5350631f90dc3,1,1,0
img_e6b3f79e9c21c329b5adc53fb5ceb40469d0c80bd78f26625ef08fd0da34ad16,images/e6b3f79e9c21c329b5adc53fb5ceb40469d0c80bd78f26625ef08fd0da34ad16.png,mmfakebench,fakeddit,fakeddit,train,REAL,0,medium-high,MMFB_GENUINE_REAL,,fakeddit,mmfb_fakeddit_real,g015902,test,core,320,317,PNG,RGBA,100018,e6b3f79e9c21c329b5adc53fb5ceb40469d0c80bd78f26625ef08fd0da34ad16,1,4,0
img_e6de4f1596599d297f617f6e45b9d6984c5df97374b23cea67dad657a2caf127,images/e6de4f1596599d297f617f6e45b9d6984c5df97374b23cea67dad657a2caf127.jpg,NewsCLIPpings,,,train,REAL,0,high,NC_PAIRED_REAL,,news,nc_jpeg,g015920,test,core,352,256,JPEG,RGB,17419,e6de4f1596599d297f617f6e45b9d6984c5df97374b23cea67dad657a2caf127,1,4,0
img_e7e16a481eeccabb20975bc4a2d7937f1dec096ce82fc7028c9ae15f1e17e513,images/e7e16a481eeccabb20975bc4a2d7937f1dec096ce82fc7028c9ae15f1e17e513.png,mmfakebench,coco_image_edit,coco_image_edit,train,AI_GENERATED,1,medium-high,MMFB_COCO_CF_AI,sd512_counterfactual,coco,sd512_counterfactual,g015978,test,core,512,512,PNG,RGBA,338041,e7e16a481eeccabb20975bc4a2d7937f1dec096ce82fc7028c9ae15f1e17e513,1,3,1
img_e82bd9f261ae8c125c35cedb2321ed4791e1cba487a3e53506dc61ba885dc20c,images/e82bd9f261ae8c125c35cedb2321ed4791e1cba487a3e53506dc61ba885dc20c.png,mmfakebench,fever_AI,fever_AI,train,AI_GENERATED,1,high,MMFB_FEVER_AI,dalle3_style_1024,news,dalle3_style_1024,g015994,test,core,1024,1024,PNG,RGBA,1773732,e82bd9f261ae8c125c35cedb2321ed4791e1cba487a3e53506dc61ba885dc20c,1,5,1
img_e8594c37c74263211aff11d4f3eaea90e61033e9e8e10c6b97a5ca79d0d90445,images/e8594c37c74263211aff11d4f3eaea90e61033e9e8e10c6b97a5ca79d0d90445.png,mmfakebench,coco_text_edit,coco_text_edit,train,AI_GENERATED,1,medium-high,MMFB_COCO_CF_AI,sd512_counterfactual,coco,sd512_counterfactual,g016007,test,core,512,512,PNG,RGBA,199641,e8594c37c74263211aff11d4f3eaea90e61033e9e8e10c6b97a5ca79d0d90445,1,5,1
img_e883c29cf8c6abdd57bf1633e70bd5e12ef3b9ab33ae21fc9aba22057df6fd47,images/e883c29cf8c6abdd57bf1633e70bd5e12ef3b9ab33ae21fc9aba22057df6fd47.png,mmfakebench,DGM4_text_edit_senti,DGM4_text_edit_senti,train,REAL,0,high,MMFB_TEXT_EDIT_REAL_IMAGE,,news,mmfb_visualnews_png,g016017,test,core,426,256,PNG,RGBA,223919,e883c29cf8c6abdd57bf1633e70bd5e12ef3b9ab33ae21fc9aba22057df6fd47,1,2,0
img_e8e2cab72fff84a5fa6e9d1bde8be335761f5c8db22463912035a19431b968bf,images/e8e2cab72fff84a5fa6e9d1bde8be335761f5c8db22463912035a19431b968bf.jpg,newsclippings,bbc,bbc,train,REAL,0,high,NC_SUPPLEMENT_REAL,,news,nc_jpeg,g016043,test,core,624,351,JPEG,RGB,44179,e8e2cab72fff84a5fa6e9d1bde8be335761f5c8db22463912035a19431b968bf,1,4,0
img_ea2e74d0592109a9a542e9b72ff8c9e5fb6e747e2f07be9558c9b590df8288a6,images/ea2e74d0592109a9a542e9b72ff8c9e5fb6e747e2f07be9558c9b590df8288a6.png,mmfakebench,fever_AI,fever_AI,train,AI_GENERATED,1,high,MMFB_FEVER_AI,dalle3_style_1024,news,dalle3_style_1024,g016128,test,core,1024,1024,PNG,RGB,1433755,ea2e74d0592109a9a542e9b72ff8c9e5fb6e747e2f07be9558c9b590df8288a6,1,5,1
img_ea8a23d3b56d214d4e10661f9cece41a897a24687af7815995f5a69403f3dcfc,images/ea8a23d3b56d214d4e10661f9cece41a897a24687af7815995f5a69403f3dcfc.png,mmfakebench,gossipcop_midjourney,gossipcop_midjourney,train,AI_GENERATED,1,high,MMFB_MIDJOURNEY_AI,midjourney_v6_named_1024,news,midjourney_v6_named_1024,g016152,test,core,1024,1024,PNG,RGB,1686158,ea8a23d3b56d214d4e10661f9cece41a897a24687af7815995f5a69403f3dcfc,1,5,1
img_ea9ef464881c28ad92b7ed9c77cfae8ca357bd2b42adfa1cb9c032bc7db99896,images/ea9ef464881c28ad92b7ed9c77cfae8ca357bd2b42adfa1cb9c032bc7db99896.png,mmfakebench,llm_science_md_generation,llm_science_md_generation,train,AI_GENERATED,1,high,MMFB_LLM_AI,llm_1024_mixed,news,llm_1024_mixed,g016157,test,core,1024,1024,PNG,RGB,1723959,ea9ef464881c28ad92b7ed9c77cfae8ca357bd2b42adfa1cb9c032bc7db99896,1,5,1
img_eadbe1c31efb12960cd3869508fbc4cbef62c4996a095929721ced8751d0219c,images/eadbe1c31efb12960cd3869508fbc4cbef62c4996a095929721ced8751d0219c.png,mmfakebench,DGM4_text_edit_senti,DGM4_text_edit_senti,train,REAL,0,high,MMFB_TEXT_EDIT_REAL_IMAGE,,news,mmfb_visualnews_png,g016174,test,core,256,362,PNG,RGBA,212668,eadbe1c31efb12960cd3869508fbc4cbef62c4996a095929721ced8751d0219c,1,2,0
img_eb1589162169cecdf033e4a9e86cee08e309adb612a8972cee7e96cb24dbbafc,images/eb1589162169cecdf033e4a9e86cee08e309adb612a8972cee7e96cb24dbbafc.png,mmfakebench,coco_text_edit,coco_text_edit,train,AI_GENERATED,1,medium-high,MMFB_COCO_CF_AI,sd512_counterfactual,coco,sd512_counterfactual,g016189,test,core,512,512,PNG,RGBA,473521,eb1589162169cecdf033e4a9e86cee08e309adb612a8972cee7e96cb24dbbafc,1,5,1
img_eb8239512ed0ec7d47142c361d3ebbd061046e24c84dff1961f74c5901bf511f,images/eb8239512ed0ec7d47142c361d3ebbd061046e24c84dff1961f74c5901bf511f.jpg,newsclippings,washington_post,washington_post,train,REAL,0,high,NC_SUPPLEMENT_REAL,,news,nc_jpeg,g016217,test,core,384,256,JPEG,RGB,13687,eb8239512ed0ec7d47142c361d3ebbd061046e24c84dff1961f74c5901bf511f,1,4,0
img_eba948edb67667bb9ed538c3174b18f9b3291fa8336f150581c9c80cd43daf17,images/eba948edb67667bb9ed538c3174b18f9b3291fa8336f150581c9c80cd43daf17.png,mmfakebench,Fakeddit_photo_edit,Fakeddit_photo_edit,train,MANIPULATED,2,medium-high,MMFB_PHOTO_EDIT_MANIPULATED,,fakeddit,fakeddit_photo_edit,g016229,test,core,600,800,PNG,RGBA,634566,eba948edb67667bb9ed538c3174b18f9b3291fa8336f150581c9c80cd43daf17,1,3,1
img_ebb7f90e3eb4a47ed2ae3281ee3760be45bcf2560792a660721155e247149654,images/ebb7f90e3eb4a47ed2ae3281ee3760be45bcf2560792a660721155e247149654.png,mmfakebench,coco,coco,train,REAL,0,high,MMFB_GENUINE_REAL,,coco,mmfb_coco_real,g016232,test,core,640,426,PNG,RGBA,332116,ebb7f90e3eb4a47ed2ae3281ee3760be45bcf2560792a660721155e247149654,1,4,0
img_ebc78df45fbe24b4f02619fff54dcb8f3bb24ce379d8beb6c6b8dfa95cf00771,images/ebc78df45fbe24b4f02619fff54dcb8f3bb24ce379d8beb6c6b8dfa95cf00771.png,mmfakebench,antifact_image_generation,antifact_image_generation,train,AI_GENERATED,1,high,MMFB_ANTIFACT_AI,midjourney_style_1024,news,midjourney_style_1024,g016239,test,core,1024,1024,PNG,RGB,1700177,ebc78df45fbe24b4f02619fff54dcb8f3bb24ce379d8beb6c6b8dfa95cf00771,1,3,1
img_ebfc8479b4b52048da3448944146f0439a019470afc3c2bb4e4fe80537a90e8d,images/ebfc8479b4b52048da3448944146f0439a019470afc3c2bb4e4fe80537a90e8d.png,mmfakebench,rumor_match,rumor_match,train,REAL,0,high,MMFB_FAKE_TEXT_REAL_IMAGE,,news,mmfb_visualnews_png,g016247,test,core,426,256,PNG,RGBA,270969,ebfc8479b4b52048da3448944146f0439a019470afc3c2bb4e4fe80537a90e8d,1,2,0
img_ec3f9f0fdb78c56c65581ed490af6efc1edba97abc0866ef2dc9d2a09e5e7801,images/ec3f9f0fdb78c56c65581ed490af6efc1edba97abc0866ef2dc9d2a09e5e7801.png,mmfakebench,Newsclipings_person,Newsclipings_person,train,REAL,0,high,MMFB_OOC_REAL,,news,mmfb_visualnews_png,g016264,test,core,383,256,PNG,RGBA,158594,ec3f9f0fdb78c56c65581ed490af6efc1edba97abc0866ef2dc9d2a09e5e7801,1,1,0
img_ec64f4ee03f546c5b340a887d57566495f27babb073aeab215cdbab5048debf7,images/ec64f4ee03f546c5b340a887d57566495f27babb073aeab215cdbab5048debf7.png,mmfakebench,DGM4_text_edit_senti,DGM4_text_edit_senti,train,REAL,0,high,MMFB_TEXT_EDIT_REAL_IMAGE,,news,mmfb_visualnews_png,g016274,test,core,976,549,PNG,RGBA,771779,ec64f4ee03f546c5b340a887d57566495f27babb073aeab215cdbab5048debf7,1,2,0
img_ed7b1c1d74cdc025777e69d18bc2f4a92053d8a580af86d790567bb300bf65a1,images/ed7b1c1d74cdc025777e69d18bc2f4a92053d8a580af86d790567bb300bf65a1.png,mmfakebench,coco_text_edit,coco_text_edit,train,AI_GENERATED,1,medium-high,MMFB_COCO_CF_AI,sd512_counterfactual,coco,sd512_counterfactual,g016350,test,core,512,512,PNG,RGBA,476789,ed7b1c1d74cdc025777e69d18bc2f4a92053d8a580af86d790567bb300bf65a1,1,5,1
img_ed98804730e39d6b0549b0ef69c29e2196114dc9105cbade74d26fa544b5d306,images/ed98804730e39d6b0549b0ef69c29e2196114dc9105cbade74d26fa544b5d306.png,mmfakebench,fever_AI,fever_AI,train,AI_GENERATED,1,high,MMFB_FEVER_AI,dalle3_style_1024,news,dalle3_style_1024,g006094,test,core,1024,1024,PNG,RGBA,1818315,ed98804730e39d6b0549b0ef69c29e2196114dc9105cbade74d26fa544b5d306,1,5,1
img_edbedda3bb82253e23fbbba7c1c5c48585dba76eab81ecd7cd8a7cf813c7f49d,images/edbedda3bb82253e23fbbba7c1c5c48585dba76eab81ecd7cd8a7cf813c7f49d.jpg,NewsCLIPpings,,,train,REAL,0,high,NC_PAIRED_REAL,,news,nc_jpeg,g009598,test,core,624,351,JPEG,RGB,52400,edbedda3bb82253e23fbbba7c1c5c48585dba76eab81ecd7cd8a7cf813c7f49d,1,4,0
img_edf3f4cd5ec1969e5f0b4d3964e24c75a33a5eb27cf3ae11fff07e886ae83d8c,images/edf3f4cd5ec1969e5f0b4d3964e24c75a33a5eb27cf3ae11fff07e886ae83d8c.png,mmfakebench,Fakeddit_photo_edit,Fakeddit_photo_edit,train,MANIPULATED,2,medium-high,MMFB_PHOTO_EDIT_MANIPULATED,,fakeddit,fakeddit_photo_edit,g016387,test,core,620,461,PNG,RGBA,329927,edf3f4cd5ec1969e5f0b4d3964e24c75a33a5eb27cf3ae11fff07e886ae83d8c,1,3,1
img_ee1e8d71b77a49584cf7aab6ebd12735844b46df79467aca8bde39dc8d1b0c8c,images/ee1e8d71b77a49584cf7aab6ebd12735844b46df79467aca8bde39dc8d1b0c8c.png,mmfakebench,coco,coco,train,REAL,0,high,MMFB_GENUINE_REAL,,coco,mmfb_coco_real,g016403,test,core,500,338,PNG,RGBA,261194,ee1e8d71b77a49584cf7aab6ebd12735844b46df79467aca8bde39dc8d1b0c8c,1,4,0
img_ef6d77ef1ac17defa56e35af9b65f825f0d94647f743110bf68a7e20014599ba,images/ef6d77ef1ac17defa56e35af9b65f825f0d94647f743110bf68a7e20014599ba.jpg,NewsCLIPpings,,,train,REAL,0,high,NC_PAIRED_REAL,,news,nc_jpeg,g016498,test,core,256,384,JPEG,RGB,21432,ef6d77ef1ac17defa56e35af9b65f825f0d94647f743110bf68a7e20014599ba,1,4,0
img_efd13a1a85e40d92ec04b721b063c35a2d8822fbefdf46266028b0edb3ea1c5e,images/efd13a1a85e40d92ec04b721b063c35a2d8822fbefdf46266028b0edb3ea1c5e.png,mmfakebench,fakeddit,fakeddit,train,REAL,0,medium-high,MMFB_GENUINE_REAL,,fakeddit,mmfb_fakeddit_real,g016525,test,core,320,240,PNG,RGBA,90740,efd13a1a85e40d92ec04b721b063c35a2d8822fbefdf46266028b0edb3ea1c5e,1,4,0
img_f0ad6dd7f3f9ad7c7a2939a55e30fa04fb4c174a51829c8359af78f6b643ffc4,images/f0ad6dd7f3f9ad7c7a2939a55e30fa04fb4c174a51829c8359af78f6b643ffc4.png,mmfakebench,coco,coco,train,REAL,0,high,MMFB_GENUINE_REAL,,coco,mmfb_coco_real,g016594,test,core,640,480,PNG,RGBA,554958,f0ad6dd7f3f9ad7c7a2939a55e30fa04fb4c174a51829c8359af78f6b643ffc4,1,4,0
img_f0d2d851ba80c3119be4bf776409935ad6e45f1d0f9ccdf459ff1d2bf1d9f101,images/f0d2d851ba80c3119be4bf776409935ad6e45f1d0f9ccdf459ff1d2bf1d9f101.png,mmfakebench,fakeddit,fakeddit,train,REAL,0,medium-high,MMFB_GENUINE_REAL,,fakeddit,mmfb_fakeddit_real,g016598,test,core,320,240,PNG,RGBA,42208,f0d2d851ba80c3119be4bf776409935ad6e45f1d0f9ccdf459ff1d2bf1d9f101,1,4,0
img_f121598033e7bf754f30d72a47a8ad4119e849a536e6580de4a2afda0a798003,images/f121598033e7bf754f30d72a47a8ad4119e849a536e6580de4a2afda0a798003.png,mmfakebench,wash,wash,train,REAL,0,high,MMFB_GENUINE_REAL,,news,mmfb_visualnews_png,g016612,test,core,434,256,PNG,RGBA,133614,f121598033e7bf754f30d72a47a8ad4119e849a536e6580de4a2afda0a798003,1,4,0
img_f2236aa27eda4ebf549ca9ccdb8646e894867bc7eac4c9d5ce337f26df5865e6,images/f2236aa27eda4ebf549ca9ccdb8646e894867bc7eac4c9d5ce337f26df5865e6.png,mmfakebench,antifact_image_generation,antifact_image_generation,train,AI_GENERATED,1,high,MMFB_ANTIFACT_AI,midjourney_style_1024,news,midjourney_style_1024,g016680,test,core,1024,1024,PNG,RGB,1873970,f2236aa27eda4ebf549ca9ccdb8646e894867bc7eac4c9d5ce337f26df5865e6,1,3,1
img_f29e051287162b14486017d42660c83a28e2338c4e06954c8ef36069f01b5780,images/f29e051287162b14486017d42660c83a28e2338c4e06954c8ef36069f01b5780.jpg,newsclippings,usa_today,usa_today,train,REAL,0,high,NC_SUPPLEMENT_REAL,,news,nc_jpeg,g016719,test,core,368,256,JPEG,RGB,14532,f29e051287162b14486017d42660c83a28e2338c4e06954c8ef36069f01b5780,1,4,0
img_f35c5452f2c2a3b8c28e8e9179578461d5b74aa334819cef1d45cd9a7686fbab,images/f35c5452f2c2a3b8c28e8e9179578461d5b74aa334819cef1d45cd9a7686fbab.png,mmfakebench,fever_AI,fever_AI,train,AI_GENERATED,1,high,MMFB_FEVER_AI,dalle3_style_1024,news,dalle3_style_1024,g016782,test,core,1024,1024,PNG,RGB,1704440,f35c5452f2c2a3b8c28e8e9179578461d5b74aa334819cef1d45cd9a7686fbab,1,5,1
img_f3ab363f18c6bea8c16b3acae7269645cf8017d614c62127f7aa567a57d306e8,images/f3ab363f18c6bea8c16b3acae7269645cf8017d614c62127f7aa567a57d306e8.png,mmfakebench,fakeddit,fakeddit,train,REAL,0,medium-high,MMFB_GENUINE_REAL,,fakeddit,mmfb_fakeddit_real,g016802,test,core,320,240,PNG,RGBA,116856,f3ab363f18c6bea8c16b3acae7269645cf8017d614c62127f7aa567a57d306e8,1,4,0
img_f3c7677d59607f8c21e5967f3c3ada92afb9f33cfff48975da9f1adb3430d3e8,images/f3c7677d59607f8c21e5967f3c3ada92afb9f33cfff48975da9f1adb3430d3e8.png,mmfakebench,fakeddit,fakeddit,train,REAL,0,medium-high,MMFB_GENUINE_REAL,,fakeddit,mmfb_fakeddit_real,g016810,test,core,320,569,PNG,RGBA,286997,f3c7677d59607f8c21e5967f3c3ada92afb9f33cfff48975da9f1adb3430d3e8,1,4,0
img_f42d3e76f33175a09f4c3710437339c8b4e6f2763cfd5872e8b27072362a96d5,images/f42d3e76f33175a09f4c3710437339c8b4e6f2763cfd5872e8b27072362a96d5.jpg,NewsCLIPpings,,,train,REAL,0,high,NC_PAIRED_REAL,,news,nc_jpeg,g001050,test,core,384,256,JPEG,RGB,53298,f42d3e76f33175a09f4c3710437339c8b4e6f2763cfd5872e8b27072362a96d5,1,4,0
img_f4488a4b53d55b54eb69d6600d738f00f32163cefcf45c5f7dc54586194156e5,images/f4488a4b53d55b54eb69d6600d738f00f32163cefcf45c5f7dc54586194156e5.png,mmfakebench,Fakeddit_photo_edit,Fakeddit_photo_edit,train,MANIPULATED,2,medium-high,MMFB_PHOTO_EDIT_MANIPULATED,,fakeddit,fakeddit_photo_edit,g016843,test,core,417,421,PNG,RGBA,178009,f4488a4b53d55b54eb69d6600d738f00f32163cefcf45c5f7dc54586194156e5,1,3,1
img_f59abc2f145f8bef09bbe95bb0d6cdac6fec6f4619a975f2ee019eeb83dff7c9,images/f59abc2f145f8bef09bbe95bb0d6cdac6fec6f4619a975f2ee019eeb83dff7c9.png,mmfakebench,fakeddit,fakeddit,train,REAL,0,medium-high,MMFB_GENUINE_REAL,,fakeddit,mmfb_fakeddit_real,g016936,test,core,320,427,PNG,RGBA,125034,f59abc2f145f8bef09bbe95bb0d6cdac6fec6f4619a975f2ee019eeb83dff7c9,1,4,0
img_f5ead4d49294c77b40f3065fccd57647a8ba6955443765bb4295145520b57115,images/f5ead4d49294c77b40f3065fccd57647a8ba6955443765bb4295145520b57115.png,mmfakebench,coco_image_edit,coco_image_edit,train,AI_GENERATED,1,medium-high,MMFB_COCO_CF_AI,sd512_counterfactual,coco,sd512_counterfactual,g016952,test,core,512,512,PNG,RGBA,163164,f5ead4d49294c77b40f3065fccd57647a8ba6955443765bb4295145520b57115,1,3,1
img_f609a7f47755631cc90735055336db4106d87294f5ed19425dedc1a6c30d1360,images/f609a7f47755631cc90735055336db4106d87294f5ed19425dedc1a6c30d1360.png,mmfakebench,coco_image_edit,coco_image_edit,train,AI_GENERATED,1,medium-high,MMFB_COCO_CF_AI,sd512_counterfactual,coco,sd512_counterfactual,g016962,test,core,512,512,PNG,RGBA,469771,f609a7f47755631cc90735055336db4106d87294f5ed19425dedc1a6c30d1360,1,3,1
img_f65042701a88f45d272fd02d381b4fcfa01a802d29c5f4b301df40efc403e721,images/f65042701a88f45d272fd02d381b4fcfa01a802d29c5f4b301df40efc403e721.png,mmfakebench,Fakeddit_photo_edit,Fakeddit_photo_edit,train,MANIPULATED,2,medium-high,MMFB_PHOTO_EDIT_MANIPULATED,,fakeddit,fakeddit_photo_edit,g016987,test,core,930,1374,PNG,RGBA,1337111,f65042701a88f45d272fd02d381b4fcfa01a802d29c5f4b301df40efc403e721,1,3,1
img_f652e5fa0e91431d443ae36d1cf0a87f3a71d599e181e5cf7b12847ce669d498,images/f652e5fa0e91431d443ae36d1cf0a87f3a71d599e181e5cf7b12847ce669d498.png,mmfakebench,fever_AI,fever_AI,train,AI_GENERATED,1,high,MMFB_FEVER_AI,dalle3_style_1024,news,dalle3_style_1024,g016988,test,core,1024,1024,PNG,RGB,1669025,f652e5fa0e91431d443ae36d1cf0a87f3a71d599e181e5cf7b12847ce669d498,1,5,1
img_f69d0fa13765b0d8a0bcac18da40843bfc4db7e45763aab8d227591c3bf9c619,images/f69d0fa13765b0d8a0bcac18da40843bfc4db7e45763aab8d227591c3bf9c619.png,mmfakebench,coco,coco,train,REAL,0,high,MMFB_GENUINE_REAL,,coco,mmfb_coco_real,g017005,test,core,489,500,PNG,RGBA,380810,f69d0fa13765b0d8a0bcac18da40843bfc4db7e45763aab8d227591c3bf9c619,1,4,0
img_f6b92b967159545632911613e9ec53fc6125ac0ea231e9909ad05c1c88f9da88,images/f6b92b967159545632911613e9ec53fc6125ac0ea231e9909ad05c1c88f9da88.jpg,NewsCLIPpings,,,train,REAL,0,high,NC_PAIRED_REAL,,news,nc_jpeg,g001623,test,core,256,340,JPEG,RGB,12736,f6b92b967159545632911613e9ec53fc6125ac0ea231e9909ad05c1c88f9da88,1,4,0
img_f7f89f5620df80a97452fd8b7826fe8328652921fb429c36e1457707857becd0,images/f7f89f5620df80a97452fd8b7826fe8328652921fb429c36e1457707857becd0.png,mmfakebench,fever_AI,fever_AI,train,AI_GENERATED,1,high,MMFB_FEVER_AI,dalle3_style_1024,news,dalle3_style_1024,g017111,test,core,1024,1024,PNG,RGBA,1886031,f7f89f5620df80a97452fd8b7826fe8328652921fb429c36e1457707857becd0,1,5,1
img_f82fb42936d0c927f74e50842a6cc1457ed7b696f31ab81124b572ab9dccdc5b,images/f82fb42936d0c927f74e50842a6cc1457ed7b696f31ab81124b572ab9dccdc5b.png,mmfakebench,fakeddit,fakeddit,train,REAL,0,medium-high,MMFB_GENUINE_REAL,,fakeddit,mmfb_fakeddit_real,g017121,test,core,320,284,PNG,RGBA,172141,f82fb42936d0c927f74e50842a6cc1457ed7b696f31ab81124b572ab9dccdc5b,1,4,0
img_f8924e3e6bc2d1145fc95273e5ea861d80a0b8c6108190748570b27df65dfb56,images/f8924e3e6bc2d1145fc95273e5ea861d80a0b8c6108190748570b27df65dfb56.png,mmfakebench,gossipcop_midjourney,gossipcop_midjourney,train,AI_GENERATED,1,high,MMFB_MIDJOURNEY_AI,midjourney_v6_named_1024,news,midjourney_v6_named_1024,g017142,test,core,1024,1024,PNG,RGB,1883915,f8924e3e6bc2d1145fc95273e5ea861d80a0b8c6108190748570b27df65dfb56,1,5,1
img_f8cd0dfe92265f430bd0f69714eb908530cd6ca49a511debfa0618d191831ed2,images/f8cd0dfe92265f430bd0f69714eb908530cd6ca49a511debfa0618d191831ed2.png,mmfakebench,Newsclipings_semantic,Newsclipings_semantic,train,REAL,0,high,MMFB_OOC_REAL,,news,mmfb_visualnews_png,g017161,test,core,342,256,PNG,RGBA,131128,f8cd0dfe92265f430bd0f69714eb908530cd6ca49a511debfa0618d191831ed2,1,1,0
img_f975fb1db6dd6d13ad9a3506accb3a6430917dae1428752f9e708a6739318a66,images/f975fb1db6dd6d13ad9a3506accb3a6430917dae1428752f9e708a6739318a66.png,mmfakebench,fever_AI,fever_AI,train,AI_GENERATED,1,high,MMFB_FEVER_AI,dalle3_style_1024,news,dalle3_style_1024,g017203,test,core,1024,1024,PNG,RGBA,2237783,f975fb1db6dd6d13ad9a3506accb3a6430917dae1428752f9e708a6739318a66,1,5,1
img_f996af209e57065cc438ae5cc42c02a0700b835a81ec8a6ddf421c825fac6c33,images/f996af209e57065cc438ae5cc42c02a0700b835a81ec8a6ddf421c825fac6c33.png,mmfakebench,coco,coco,train,REAL,0,high,MMFB_GENUINE_REAL,,coco,mmfb_coco_real,g017211,test,core,640,390,PNG,RGBA,312466,f996af209e57065cc438ae5cc42c02a0700b835a81ec8a6ddf421c825fac6c33,1,4,0
img_f9b51aa4c0c76105c4f41b0cec279ddd308d3c90e1ba8fe6b183900ce5194df3,images/f9b51aa4c0c76105c4f41b0cec279ddd308d3c90e1ba8fe6b183900ce5194df3.png,mmfakebench,fakeddit,fakeddit,train,REAL,0,medium-high,MMFB_GENUINE_REAL,,fakeddit,mmfb_fakeddit_real,g017217,test,core,320,320,PNG,RGBA,47316,f9b51aa4c0c76105c4f41b0cec279ddd308d3c90e1ba8fe6b183900ce5194df3,1,4,0
img_f9bfefa9a2216087dcc4bfe1c047a780a344a335d520a0711530d29896540654,images/f9bfefa9a2216087dcc4bfe1c047a780a344a335d520a0711530d29896540654.png,mmfakebench,coco_image_edit,coco_image_edit,train,AI_GENERATED,1,medium-high,MMFB_COCO_CF_AI,sd512_counterfactual,coco,sd512_counterfactual,g017220,test,core,512,512,PNG,RGBA,291646,f9bfefa9a2216087dcc4bfe1c047a780a344a335d520a0711530d29896540654,1,3,1
img_f9e9c1c4fd2ad3a39748391e0dfab482e6156e27f0f1c068c112b0c397b8b9fd,images/f9e9c1c4fd2ad3a39748391e0dfab482e6156e27f0f1c068c112b0c397b8b9fd.png,mmfakebench,Fakeddit_photo_edit,Fakeddit_photo_edit,train,MANIPULATED,2,medium-high,MMFB_PHOTO_EDIT_MANIPULATED,,fakeddit,fakeddit_photo_edit,g017229,test,core,900,609,PNG,RGBA,515483,f9e9c1c4fd2ad3a39748391e0dfab482e6156e27f0f1c068c112b0c397b8b9fd,1,3,1
img_f9f54f26293cdd00f87c1145f25f8fa2f541a33b985ab782807e07004f42c718,images/f9f54f26293cdd00f87c1145f25f8fa2f541a33b985ab782807e07004f42c718.png,mmfakebench,fever_AI,fever_AI,train,AI_GENERATED,1,high,MMFB_FEVER_AI,dalle3_style_1024,news,dalle3_style_1024,g017236,test,core,1024,1024,PNG,RGBA,2057837,f9f54f26293cdd00f87c1145f25f8fa2f541a33b985ab782807e07004f42c718,1,5,1
img_fa0aa3508f3878082f0e6d7a6a410246cec0440a1c725883920051eb84f0c98b,images/fa0aa3508f3878082f0e6d7a6a410246cec0440a1c725883920051eb84f0c98b.png,mmfakebench,coco,coco,train,REAL,0,high,MMFB_GENUINE_REAL,,coco,mmfb_coco_real,g017243,test,core,448,621,PNG,RGBA,429353,fa0aa3508f3878082f0e6d7a6a410246cec0440a1c725883920051eb84f0c98b,1,4,0
img_fa68db758b735837d5093da8a37444f2451fcd43be2def69382a85dc425bebf8,images/fa68db758b735837d5093da8a37444f2451fcd43be2def69382a85dc425bebf8.png,mmfakebench,gossipcop_midjourney,gossipcop_midjourney,train,AI_GENERATED,1,high,MMFB_MIDJOURNEY_AI,midjourney_v6_named_1024,news,midjourney_v6_named_1024,g017272,test,core,1024,1024,PNG,RGBA,1776130,fa68db758b735837d5093da8a37444f2451fcd43be2def69382a85dc425bebf8,1,5,1
img_fa70dfe3d38943752eb5025c80f042a2d6c30eb8b4558eaf82fc208acc33ffed,images/fa70dfe3d38943752eb5025c80f042a2d6c30eb8b4558eaf82fc208acc33ffed.png,mmfakebench,antifact_image_generation,antifact_image_generation,train,AI_GENERATED,1,high,MMFB_ANTIFACT_AI,midjourney_style_1024,news,midjourney_style_1024,g017277,test,core,1024,1024,PNG,RGB,1987419,fa70dfe3d38943752eb5025c80f042a2d6c30eb8b4558eaf82fc208acc33ffed,1,3,1
img_fb270d276832c602379cd680b7909a5f751fb9b69762abdab98d3a008fb85afb,images/fb270d276832c602379cd680b7909a5f751fb9b69762abdab98d3a008fb85afb.jpg,NewsCLIPpings,,,train,REAL,0,high,NC_PAIRED_REAL,,news,nc_jpeg,g002203,test,core,299,256,JPEG,RGB,12246,fb270d276832c602379cd680b7909a5f751fb9b69762abdab98d3a008fb85afb,1,4,0
img_fb7d1c6013e1a464cb642a2136ab0e8be3e7e0c2e1b46f9f6c2a76555a2d6000,images/fb7d1c6013e1a464cb642a2136ab0e8be3e7e0c2e1b46f9f6c2a76555a2d6000.png,mmfakebench,Newsclipings_person,Newsclipings_person,train,REAL,0,high,MMFB_OOC_REAL,,news,mmfb_visualnews_png,g017324,test,core,384,256,PNG,RGBA,101500,fb7d1c6013e1a464cb642a2136ab0e8be3e7e0c2e1b46f9f6c2a76555a2d6000,1,1,0
img_fbd881315ca2de74748d2192712254fb7d63a8ebb6d0e455f181dc51dc675a40,images/fbd881315ca2de74748d2192712254fb7d63a8ebb6d0e455f181dc51dc675a40.png,mmfakebench,antifact_image_generation,antifact_image_generation,train,AI_GENERATED,1,high,MMFB_ANTIFACT_AI,midjourney_style_1024,news,midjourney_style_1024,g017347,test,core,1024,1024,PNG,RGB,1807773,fbd881315ca2de74748d2192712254fb7d63a8ebb6d0e455f181dc51dc675a40,1,3,1
img_fbf17dcb0b7214c6f913174a86a0626b709710ee9403c34a4d8121dd213fbe93,images/fbf17dcb0b7214c6f913174a86a0626b709710ee9403c34a4d8121dd213fbe93.png,mmfakebench,coco,coco,train,REAL,0,high,MMFB_GENUINE_REAL,,coco,mmfb_coco_real,g017351,test,core,640,480,PNG,RGBA,455749,fbf17dcb0b7214c6f913174a86a0626b709710ee9403c34a4d8121dd213fbe93,1,4,0
img_fcb18bb279d0226ed04551fdfdbe648eb138f6f257ca27add5f4e15f6cdf7f01,images/fcb18bb279d0226ed04551fdfdbe648eb138f6f257ca27add5f4e15f6cdf7f01.png,mmfakebench,bbc,bbc,train,REAL,0,high,MMFB_GENUINE_REAL,,news,mmfb_visualnews_png,g017391,test,core,464,261,PNG,RGBA,234477,fcb18bb279d0226ed04551fdfdbe648eb138f6f257ca27add5f4e15f6cdf7f01,1,4,0
img_fcb91174d6fdfb850660e25d2efcc622dc6c9d9197566dde84685cf7c48d16f9,images/fcb91174d6fdfb850660e25d2efcc622dc6c9d9197566dde84685cf7c48d16f9.png,mmfakebench,Fakeddit_photo_edit,Fakeddit_photo_edit,train,MANIPULATED,2,medium-high,MMFB_PHOTO_EDIT_MANIPULATED,,fakeddit,fakeddit_photo_edit,g017394,test,core,1280,1264,PNG,RGBA,1545432,fcb91174d6fdfb850660e25d2efcc622dc6c9d9197566dde84685cf7c48d16f9,1,3,1
img_fceb504dc3ce702ab72693f32ceecf30986896440e0113f0204b66cc0285712e,images/fceb504dc3ce702ab72693f32ceecf30986896440e0113f0204b66cc0285712e.png,mmfakebench,Fakeddit_photo_edit,Fakeddit_photo_edit,train,MANIPULATED,2,medium-high,MMFB_PHOTO_EDIT_MANIPULATED,,fakeddit,fakeddit_photo_edit,g017404,test,core,520,866,PNG,RGBA,814587,fceb504dc3ce702ab72693f32ceecf30986896440e0113f0204b66cc0285712e,1,3,1
img_fd8fe4f003c3ffbde67e90fafa8d3dd20b9714fe309e17108c69fd3b3376e11a,images/fd8fe4f003c3ffbde67e90fafa8d3dd20b9714fe309e17108c69fd3b3376e11a.png,mmfakebench,llm_rewrite,llm_rewrite,train,AI_GENERATED,1,high,MMFB_LLM_AI,llm_1024_mixed,news,llm_1024_mixed,g017449,test,core,1024,1024,PNG,RGB,2220461,fd8fe4f003c3ffbde67e90fafa8d3dd20b9714fe309e17108c69fd3b3376e11a,1,5,1
img_fe321ec067fbdf2d7f7d1ef19284b1e3eed2f6bf4a9408de434ef786705076df,images/fe321ec067fbdf2d7f7d1ef19284b1e3eed2f6bf4a9408de434ef786705076df.png,mmfakebench,Newsclipings_semantic,Newsclipings_semantic,train,REAL,0,high,MMFB_OOC_REAL,,news,mmfb_visualnews_png,g017486,test,core,384,256,PNG,RGBA,227053,fe321ec067fbdf2d7f7d1ef19284b1e3eed2f6bf4a9408de434ef786705076df,1,1,0
img_fe3e40bca8d6ccbfaa4e1a1fe7a210ad6b0b245255abf168725fbdadbac77af8,images/fe3e40bca8d6ccbfaa4e1a1fe7a210ad6b0b245255abf168725fbdadbac77af8.jpg,NewsCLIPpings,,,train,REAL,0,high,NC_PAIRED_REAL,,news,nc_jpeg,g010483,test,core,426,256,JPEG,RGB,47319,fe3e40bca8d6ccbfaa4e1a1fe7a210ad6b0b245255abf168725fbdadbac77af8,1,1,0
img_ff9745e4bc0745a88b0aeceb2dce62b0c8040dd4f017234b4cb5401548e5b467,images/ff9745e4bc0745a88b0aeceb2dce62b0c8040dd4f017234b4cb5401548e5b467.png,mmfakebench,coco,coco,train,REAL,0,high,MMFB_GENUINE_REAL,,coco,mmfb_coco_real,g017588,test,core,427,640,PNG,RGBA,546211,ff9745e4bc0745a88b0aeceb2dce62b0c8040dd4f017234b4cb5401548e5b467,1,4,0
img_ffb85e9c2aba6a0687d56c2901a7bf2d8d75cfffd3ffde62236ab9a1976d7b54,images/ffb85e9c2aba6a0687d56c2901a7bf2d8d75cfffd3ffde62236ab9a1976d7b54.png,mmfakebench,coco,coco,train,REAL,0,high,MMFB_GENUINE_REAL,,coco,mmfb_coco_real,g017604,test,core,640,480,PNG,RGBA,539877,ffb85e9c2aba6a0687d56c2901a7bf2d8d75cfffd3ffde62236ab9a1976d7b54,1,4,0
